10,0,0,total,946,746
10,0,1,total,946,746
10,0,2,total,946,746
10,0,3,total,946,746
10,0,4,total,946,746
10,0,5,total,946,746
10,0,6,total,946,746
10,0,7,total,946,746
10,0,8,total,946,746
10,0,9,total,946,746
10,0,10,total,947,746
10,0,11,total,946,746
10,0,12,total,946,746
10,0,13,total,946,746
10,0,14,total,946,746
10,0,15,total,947,746
10,0,16,total,946,746
10,0,17,total,946,746
10,0,18,total,946,746
10,0,19,total,946,746
10,0,20,total,946,746
10,0,21,total,946,746
10,0,22,total,946,746
10,0,23,total,946,746
10,0,24,total,946,746
10,0,25,total,946,746
10,0,26,total,946,746
10,0,27,total,946,746
10,0,28,total,946,746
10,0,29,total,946,746
10,0,30,total,946,746
10,0,31,total,946,746
10,0,32,total,946,746
10,0,33,total,946,746
10,0,34,total,946,746
10,0,35,total,947,746
10,0,36,total,946,746
10,0,37,total,946,746
10,0,38,total,946,746
10,0,39,total,946,746
10,0,40,total,946,746
10,0,41,total,946,746
10,0,42,total,945,746
10,0,43,total,946,746
10,0,44,total,946,746
10,0,45,total,946,746
10,0,46,total,946,746
10,0,47,total,946,746
10,0,48,total,945,746
10,0,49,total,946,746
10,0,50,total,946,746
10,0,51,total,946,746
10,0,52,total,946,746
10,0,53,total,946,746
10,0,54,total,947,746
10,0,55,total,947,746
10,0,56,total,948,746
10,0,57,total,947,746
10,0,58,total,946,746
10,0,59,total,947,746
10,0,59,;;,56767,60,946
10,1,0,total,946,746
10,1,1,total,946,746
10,1,2,total,946,746
10,1,3,total,946,746
10,1,4,total,945,746
10,1,5,total,946,746
10,1,6,total,946,746
10,1,7,total,946,746
10,1,8,total,946,746
10,1,9,total,945,746
10,1,10,total,946,746
10,1,11,total,946,746
10,1,12,total,946,746
10,1,13,total,946,746
10,1,14,total,946,746
10,1,15,total,946,746
10,1,16,total,946,746
10,1,17,total,946,746
10,1,18,total,946,746
10,1,19,total,946,746
10,1,20,total,946,746
10,1,21,total,946,746
10,1,22,total,946,746
10,1,23,total,946,745
10,1,24,total,946,746
10,1,25,total,946,746
10,1,26,total,946,746
10,1,27,total,946,746
10,1,28,total,946,746
10,1,29,total,946,746
10,1,30,total,946,746
10,1,31,total,946,746
10,1,32,total,946,746
10,1,33,total,946,746
10,1,34,total,946,746
10,1,35,total,946,746
10,1,36,total,946,746
10,1,37,total,946,746
10,1,38,total,947,746
10,1,39,total,946,747
10,1,40,total,947,747
10,1,41,total,946,746
10,1,42,total,946,747
10,1,43,total,946,747
10,1,44,total,947,747
10,1,45,total,947,747
10,1,46,total,947,747
10,1,47,total,946,747
10,1,48,total,946,747
10,1,49,total,946,747
10,1,50,total,946,747
10,1,51,total,946,747
10,1,52,total,946,747
10,1,53,total,946,747
10,1,54,total,946,747
10,1,56,total,946,747
10,1,57,total,946,747
10,1,58,total,946,747
10,1,59,total,946,746
10,1,59,;;,55817,59,946
10,2,0,total,946,746
10,2,1,total,946,746
10,2,2,total,946,746
10,2,3,total,946,746
10,2,4,total,946,746
10,2,5,total,946,746
10,2,6,total,947,746
10,2,7,total,947,746
10,2,8,total,946,746
10,2,9,total,946,746
10,2,10,total,946,746
10,2,11,total,946,746
10,2,12,total,946,746
10,2,13,total,946,746
10,2,14,total,946,746
10,2,15,total,946,746
10,2,16,total,946,746
10,2,17,total,946,746
10,2,18,total,946,746
10,2,19,total,946,746
10,2,20,total,946,746
10,2,21,total,946,746
10,2,22,total,946,746
10,2,23,total,946,746
10,2,24,total,946,746
10,2,25,total,946,746
10,2,26,total,946,746
10,2,27,total,946,746
10,2,28,total,946,746
10,2,29,total,946,747
10,2,30,total,946,747
10,2,31,total,946,746
10,2,32,total,946,746
10,2,33,total,946,746
10,2,34,total,946,746
10,2,35,total,945,746
10,2,36,total,946,746
10,2,37,total,946,747
10,2,38,total,946,746
10,2,39,total,946,746
10,2,40,total,945,746
10,2,41,total,946,746
10,2,42,total,946,746
10,2,43,total,946,746
10,2,44,total,946,746
10,2,45,total,946,746
10,2,46,total,946,746
10,2,47,total,946,746
10,2,48,total,946,746
10,2,49,total,946,746
10,2,50,total,946,746
10,2,51,total,946,746
10,2,52,total,946,746
10,2,53,total,946,746
10,2,54,total,946,746
10,2,55,total,946,746
10,2,56,total,946,746
10,2,57,total,946,746
10,2,58,total,946,746
10,2,59,total,946,746
10,2,59,;;,56760,60,946
10,3,0,total,946,746
10,3,1,total,946,746
10,3,2,total,946,746
10,3,3,total,946,746
10,3,4,total,946,746
10,3,5,total,945,746
10,3,6,total,946,746
10,3,7,total,946,746
10,3,8,total,946,746
10,3,9,total,946,746
10,3,10,total,946,746
10,3,11,total,946,746
10,3,12,total,946,747
10,3,13,total,946,746
10,3,14,total,946,747
10,3,15,total,946,746
10,3,16,total,946,746
10,3,17,total,946,746
10,3,18,total,946,746
10,3,19,total,946,746
10,3,20,total,946,747
10,3,21,total,946,747
10,3,22,total,946,747
10,3,23,total,946,746
10,3,24,total,946,746
10,3,25,total,946,747
10,3,26,total,946,746
10,3,27,total,945,746
10,3,28,total,946,747
10,3,29,total,946,746
10,3,30,total,946,746
10,3,31,total,946,746
10,3,32,total,946,746
10,3,33,total,946,746
10,3,34,total,946,746
10,3,35,total,946,746
10,3,36,total,946,746
10,3,37,total,946,746
10,3,38,total,946,746
10,3,39,total,946,746
10,3,40,total,946,746
10,3,41,total,946,746
10,3,42,total,946,746
10,3,43,total,946,746
10,3,44,total,946,746
10,3,45,total,946,746
10,3,46,total,946,746
10,3,47,total,946,746
10,3,48,total,946,746
10,3,49,total,946,746
10,3,50,total,946,746
10,3,51,total,946,746
10,3,52,total,946,746
10,3,53,total,946,746
10,3,54,total,945,746
10,3,55,total,946,746
10,3,56,total,946,746
10,3,57,total,946,746
10,3,58,total,946,746
10,3,59,total,946,746
10,3,59,;;,56757,60,945
10,4,0,total,945,746
10,4,1,total,946,746
10,4,2,total,946,746
10,4,3,total,945,746
10,4,4,total,946,746
10,4,5,total,946,746
10,4,6,total,946,746
10,4,7,total,946,746
10,4,8,total,945,746
10,4,9,total,945,746
10,4,10,total,946,746
10,4,11,total,946,746
10,4,12,total,946,746
10,4,13,total,946,747
10,4,14,total,946,747
10,4,15,total,945,746
10,4,16,total,946,746
10,4,17,total,946,746
10,4,18,total,946,746
10,4,19,total,945,747
10,4,20,total,945,746
10,4,21,total,945,746
10,4,22,total,945,746
10,4,23,total,946,747
10,4,24,total,945,746
10,4,25,total,945,747
10,4,26,total,946,747
10,4,27,total,946,746
10,4,28,total,946,746
10,4,29,total,946,747
10,4,30,total,945,747
10,4,31,total,945,747
10,4,32,total,946,747
10,4,33,total,946,747
10,4,34,total,946,747
10,4,35,total,946,747
10,4,36,total,946,747
10,4,37,total,945,747
10,4,38,total,945,747
10,4,39,total,945,747
10,4,40,total,946,747
10,4,41,total,946,747
10,4,42,total,946,747
10,4,43,total,945,747
10,4,44,total,946,746
10,4,45,total,946,747
10,4,46,total,946,747
10,4,47,total,946,746
10,4,48,total,946,746
10,4,49,total,945,746
10,4,50,total,946,746
10,4,51,total,946,746
10,4,52,total,946,746
10,4,53,total,946,746
10,4,54,total,945,746
10,4,55,total,946,746
10,4,56,total,945,746
10,4,57,total,946,746
10,4,58,total,945,746
10,4,59,total,946,746
10,4,59,;;,56739,60,945
10,5,0,total,945,746
10,5,1,total,946,746
10,5,2,total,945,746
10,5,3,total,945,746
10,5,4,total,945,746
10,5,5,total,945,746
10,5,6,total,946,746
10,5,7,total,946,746
10,5,8,total,946,746
10,5,9,total,946,746
10,5,10,total,946,747
10,5,11,total,946,746
10,5,12,total,946,747
10,5,13,total,945,746
10,5,14,total,945,746
10,5,15,total,946,746
10,5,16,total,946,747
10,5,17,total,946,746
10,5,18,total,946,747
10,5,19,total,946,746
10,5,20,total,945,746
10,5,21,total,945,746
10,5,22,total,945,746
10,5,23,total,945,746
10,5,24,total,945,746
10,5,25,total,946,746
10,5,26,total,946,746
10,5,27,total,946,746
10,5,28,total,946,746
10,5,29,total,946,746
10,5,30,total,946,746
10,5,31,total,945,746
10,5,32,total,946,746
10,5,33,total,945,746
10,5,34,total,946,746
10,5,35,total,946,746
10,5,36,total,945,746
10,5,37,total,946,746
10,5,38,total,945,746
10,5,39,total,946,746
10,5,40,total,945,746
10,5,41,total,946,746
10,5,42,total,945,746
10,5,43,total,945,746
10,5,44,total,946,746
10,5,45,total,946,746
10,5,46,total,945,746
10,5,47,total,946,746
10,5,48,total,945,746
10,5,49,total,945,746
10,5,50,total,945,746
10,5,51,total,945,746
10,5,52,total,946,746
10,5,53,total,946,746
10,5,54,total,945,746
10,5,55,total,945,747
10,5,56,total,945,746
10,5,57,total,946,747
10,5,58,total,946,746
10,5,59,total,946,746
10,5,59,;;,56733,60,945
10,6,0,total,946,747
10,6,1,total,946,746
10,6,2,total,945,746
10,6,3,total,946,746
10,6,4,total,945,746
10,6,5,total,945,746
10,6,6,total,946,746
10,6,7,total,945,746
10,6,8,total,946,746
10,6,9,total,945,746
10,6,10,total,946,746
10,6,11,total,945,746
10,6,12,total,946,746
10,6,13,total,945,746
10,6,14,total,946,746
10,6,15,total,945,746
10,6,16,total,945,746
10,6,17,total,945,746
10,6,18,total,945,746
10,6,19,total,946,747
10,6,20,total,945,747
10,6,21,total,945,746
10,6,22,total,946,746
10,6,23,total,945,746
10,6,24,total,946,746
10,6,25,total,946,746
10,6,26,total,945,746
10,6,27,total,945,746
10,6,28,total,945,746
10,6,29,total,945,746
10,6,30,total,945,746
10,6,31,total,945,746
10,6,32,total,945,746
10,6,33,total,945,746
10,6,34,total,945,746
10,6,35,total,945,746
10,6,36,total,945,746
10,6,37,total,946,746
10,6,38,total,945,746
10,6,39,total,945,746
10,6,40,total,945,746
10,6,41,total,945,746
10,6,42,total,946,746
10,6,43,total,945,746
10,6,44,total,945,746
10,6,45,total,945,746
10,6,46,total,945,746
10,6,47,total,945,746
10,6,48,total,945,746
10,6,49,total,945,746
10,6,50,total,946,746
10,6,51,total,945,746
10,6,52,total,946,746
10,6,53,total,945,747
10,6,54,total,946,747
10,6,55,total,945,747
10,6,56,total,945,746
10,6,57,total,946,747
10,6,58,total,945,746
10,6,59,total,946,747
10,6,59,;;,56719,60,945
10,7,0,total,945,746
10,7,1,total,945,747
10,7,2,total,945,747
10,7,3,total,946,747
10,7,4,total,945,746
10,7,5,total,946,747
10,7,6,total,946,747
10,7,7,total,945,747
10,7,8,total,945,747
10,7,9,total,945,747
10,7,10,total,945,746
10,7,11,total,945,747
10,7,12,total,945,747
10,7,13,total,945,747
10,7,14,total,945,746
10,7,15,total,945,746
10,7,16,total,945,747
10,7,17,total,946,746
10,7,18,total,946,747
10,7,19,total,946,747
10,7,20,total,945,746
10,7,21,total,946,746
10,7,22,total,946,747
10,7,23,total,946,746
10,7,24,total,945,746
10,7,25,total,946,747
10,7,27,total,946,746
10,7,28,total,945,746
10,7,29,total,945,746
10,7,30,total,946,746
10,7,31,total,945,746
10,7,32,total,945,746
10,7,33,total,945,746
10,7,34,total,945,746
10,7,35,total,946,746
10,7,36,total,946,746
10,7,37,total,945,746
10,7,38,total,945,747
10,7,39,total,945,746
10,7,40,total,945,747
10,7,41,total,946,747
10,7,42,total,946,747
10,7,43,total,945,747
10,7,44,total,946,747
10,7,45,total,945,747
10,7,46,total,946,747
10,7,47,total,946,747
10,7,48,total,945,746
10,7,49,total,945,747
10,7,50,total,945,747
10,7,51,total,945,746
10,7,52,total,945,747
10,7,53,total,946,746
10,7,54,total,945,747
10,7,55,total,945,747
10,7,56,total,946,747
10,7,57,total,945,747
10,7,58,total,945,747
10,7,59,total,945,747
10,7,59,;;,55776,59,945
10,8,0,total,946,747
10,8,1,total,945,747
10,8,2,total,946,747
10,8,3,total,946,747
10,8,4,total,946,747
10,8,5,total,946,747
10,8,6,total,946,747
10,8,7,total,946,747
10,8,8,total,946,747
10,8,9,total,946,746
10,8,10,total,946,747
10,8,11,total,946,747
10,8,12,total,945,746
10,8,13,total,946,747
10,8,14,total,946,747
10,8,15,total,945,746
10,8,16,total,946,746
10,8,17,total,946,746
10,8,18,total,946,746
10,8,19,total,945,746
10,8,20,total,945,747
10,8,21,total,946,747
10,8,22,total,946,746
10,8,23,total,945,746
10,8,24,total,946,746
10,8,25,total,946,746
10,8,26,total,946,747
10,8,27,total,945,746
10,8,28,total,945,746
10,8,29,total,946,746
10,8,30,total,945,746
10,8,31,total,946,746
10,8,32,total,945,746
10,8,33,total,945,746
10,8,34,total,945,746
10,8,35,total,946,747
10,8,36,total,946,746
10,8,37,total,945,746
10,8,38,total,946,746
10,8,39,total,945,746
10,8,40,total,946,746
10,8,41,total,946,746
10,8,42,total,946,746
10,8,43,total,946,746
10,8,44,total,946,746
10,8,45,total,945,746
10,8,46,total,945,747
10,8,47,total,945,746
10,8,48,total,946,746
10,8,49,total,945,746
10,8,50,total,946,746
10,8,51,total,946,746
10,8,52,total,945,746
10,8,53,total,946,746
10,8,54,total,946,746
10,8,55,total,945,746
10,8,56,total,946,746
10,8,57,total,946,746
10,8,58,total,946,746
10,8,59,total,945,746
10,8,59,;;,56739,60,945
10,9,0,total,946,746
10,9,1,total,946,746
10,9,2,total,946,746
10,9,3,total,945,746
10,9,4,total,945,746
10,9,5,total,946,746
10,9,6,total,946,746
10,9,7,total,946,746
10,9,8,total,946,746
10,9,9,total,946,746
10,9,10,total,946,746
10,9,11,total,945,746
10,9,12,total,946,746
10,9,13,total,946,746
10,9,14,total,945,746
10,9,15,total,946,746
10,9,16,total,945,746
10,9,17,total,946,746
10,9,18,total,946,746
10,9,19,total,945,746
10,9,20,total,946,746
10,9,21,total,945,746
10,9,22,total,946,746
10,9,23,total,945,746
10,9,24,total,945,746
10,9,25,total,945,746
10,9,26,total,946,746
10,9,27,total,945,746
10,9,28,total,946,746
10,9,29,total,946,746
10,9,30,total,945,746
10,9,31,total,945,746
10,9,32,total,946,746
10,9,33,total,945,746
10,9,34,total,946,746
10,9,35,total,946,746
10,9,36,total,945,746
10,9,37,total,945,747
10,9,38,total,946,746
10,9,39,total,946,746
10,9,40,total,945,746
10,9,41,total,946,746
10,9,42,total,945,746
10,9,43,total,945,746
10,9,44,total,945,746
10,9,45,total,945,746
10,9,46,total,945,746
10,9,47,total,945,746
10,9,48,total,946,747
10,9,49,total,946,747
10,9,50,total,945,746
10,9,51,total,946,747
10,9,52,total,946,747
10,9,53,total,945,746
10,9,54,total,945,747
10,9,55,total,946,747
10,9,56,total,945,746
10,9,57,total,945,747
10,9,58,total,945,747
10,9,59,total,946,747
10,9,59,;;,56731,60,945
10,10,0,total,945,746
10,10,1,total,945,746
10,10,2,total,945,746
10,10,3,total,946,746
10,10,4,total,945,746
10,10,5,total,946,746
10,10,6,total,945,746
10,10,7,total,945,747
10,10,8,total,945,746
10,10,9,total,946,746
10,10,10,total,945,746
10,10,11,total,945,746
10,10,12,total,945,746
10,10,13,total,945,746
10,10,14,total,945,746
10,10,15,total,945,746
10,10,16,total,945,746
10,10,17,total,945,746
10,10,18,total,945,746
10,10,19,total,945,746
10,10,20,total,944,746
10,10,21,total,945,746
10,10,22,total,945,746
10,10,23,total,945,746
10,10,24,total,946,747
10,10,25,total,945,746
10,10,26,total,946,746
10,10,27,total,945,746
10,10,28,total,946,746
10,10,29,total,945,746
10,10,30,total,945,746
10,10,31,total,945,746
10,10,32,total,945,746
10,10,33,total,946,746
10,10,34,total,945,746
10,10,35,total,945,746
10,10,36,total,945,746
10,10,37,total,946,746
10,10,38,total,945,746
10,10,39,total,945,747
10,10,40,total,945,747
10,10,41,total,945,747
10,10,42,total,946,747
10,10,43,total,946,747
10,10,44,total,946,747
10,10,45,total,946,747
10,10,46,total,946,747
10,10,47,total,946,747
10,10,48,total,946,747
10,10,49,total,945,747
10,10,50,total,946,747
10,10,51,total,945,747
10,10,52,total,945,747
10,10,53,total,946,747
10,10,54,total,946,747
10,10,55,total,945,747
10,10,56,total,945,747
10,10,57,total,945,747
10,10,58,total,945,747
10,10,59,total,945,747
10,10,59,;;,56717,60,945
10,11,0,total,945,746
10,11,1,total,945,747
10,11,2,total,945,747
10,11,3,total,945,747
10,11,4,total,945,746
10,11,5,total,945,747
10,11,6,total,945,746
10,11,7,total,945,747
10,11,8,total,945,747
10,11,9,total,945,747
10,11,10,total,945,747
10,11,11,total,945,747
10,11,12,total,945,747
10,11,13,total,945,747
10,11,14,total,945,747
10,11,15,total,945,747
10,11,16,total,945,747
10,11,17,total,945,747
10,11,18,total,946,747
10,11,19,total,946,747
10,11,20,total,946,747
10,11,21,total,946,747
10,11,22,total,945,747
10,11,23,total,945,747
10,11,24,total,945,747
10,11,25,total,945,747
10,11,26,total,946,747
10,11,27,total,945,747
10,11,28,total,945,746
10,11,29,total,946,747
10,11,30,total,946,747
10,11,31,total,946,747
10,11,32,total,945,747
10,11,33,total,946,747
10,11,34,total,946,747
10,11,35,total,945,747
10,11,36,total,945,746
10,11,37,total,945,747
10,11,38,total,945,746
10,11,39,total,945,747
10,11,40,total,945,746
10,11,41,total,945,747
10,11,42,total,945,746
10,11,43,total,945,747
10,11,44,total,945,747
10,11,45,total,946,747
10,11,46,total,945,746
10,11,47,total,945,746
10,11,48,total,945,747
10,11,49,total,945,746
10,11,50,total,946,747
10,11,51,total,946,747
10,11,52,total,945,746
10,11,53,total,946,746
10,11,54,total,945,746
10,11,55,total,945,746
10,11,56,total,944,746
10,11,57,total,945,746
10,11,58,total,945,746
10,11,59,total,946,746
10,11,59,;;,56714,60,945
10,12,0,total,945,746
10,12,1,total,945,746
10,12,2,total,945,746
10,12,3,total,945,746
10,12,4,total,945,746
10,12,5,total,945,746
10,12,6,total,945,746
10,12,7,total,945,746
10,12,8,total,945,746
10,12,9,total,945,746
10,12,10,total,945,746
10,12,11,total,945,746
10,12,12,total,945,746
10,12,13,total,945,746
10,12,14,total,945,746
10,12,15,total,945,746
10,12,16,total,945,746
10,12,17,total,945,747
10,12,18,total,945,747
10,12,19,total,945,746
10,12,20,total,945,747
10,12,21,total,945,747
10,12,22,total,945,747
10,12,23,total,945,747
10,12,24,total,945,747
10,12,25,total,946,747
10,12,26,total,946,747
10,12,27,total,946,747
10,12,28,total,946,747
10,12,29,total,946,747
10,12,30,total,945,747
10,12,31,total,945,747
10,12,32,total,945,747
10,12,33,total,945,747
10,12,34,total,945,747
10,12,35,total,945,747
10,12,36,total,945,747
10,12,37,total,945,747
10,12,38,total,945,747
10,12,39,total,945,747
10,12,40,total,944,747
10,12,41,total,945,747
10,12,42,total,945,747
10,12,43,total,944,747
10,12,44,total,945,747
10,12,45,total,945,747
10,12,46,total,945,747
10,12,47,total,945,747
10,12,48,total,945,747
10,12,49,total,945,747
10,12,50,total,944,747
10,12,51,total,944,747
10,12,52,total,945,747
10,12,53,total,944,747
10,12,54,total,944,747
10,12,55,total,944,746
10,12,56,total,945,747
10,12,58,total,945,747
10,12,59,total,944,747
10,12,59,;;,55752,59,944
10,13,0,total,945,747
10,13,1,total,945,747
10,13,2,total,945,747
10,13,3,total,944,747
10,13,4,total,945,746
10,13,5,total,945,746
10,13,6,total,945,746
10,13,7,total,945,747
10,13,8,total,945,747
10,13,9,total,945,746
10,13,10,total,945,746
10,13,11,total,945,747
10,13,12,total,945,746
10,13,13,total,945,747
10,13,14,total,945,747
10,13,15,total,945,747
10,13,16,total,945,747
10,13,17,total,945,747
10,13,18,total,945,747
10,13,19,total,945,747
10,13,20,total,945,747
10,13,21,total,945,747
10,13,22,total,945,747
10,13,23,total,945,747
10,13,24,total,945,747
10,13,25,total,945,747
10,13,26,total,945,747
10,13,27,total,945,747
10,13,28,total,945,746
10,13,29,total,945,746
10,13,30,total,945,747
10,13,31,total,945,747
10,13,32,total,945,746
10,13,33,total,945,746
10,13,34,total,945,746
10,13,35,total,945,746
10,13,36,total,945,746
10,13,37,total,945,746
10,13,38,total,945,746
10,13,39,total,945,746
10,13,40,total,945,746
10,13,41,total,945,746
10,13,42,total,945,746
10,13,43,total,945,746
10,13,44,total,945,746
10,13,45,total,945,746
10,13,46,total,945,746
10,13,47,total,945,746
10,13,48,total,945,746
10,13,49,total,945,746
10,13,50,total,945,746
10,13,51,total,945,746
10,13,52,total,945,747
10,13,53,total,945,746
10,13,54,total,945,746
10,13,55,total,945,746
10,13,56,total,944,746
10,13,57,total,944,746
10,13,58,total,944,746
10,13,59,total,945,746
10,13,59,;;,56696,60,944
10,14,0,total,944,746
10,14,1,total,944,746
10,14,2,total,944,746
10,14,3,total,945,746
10,14,4,total,944,746
10,14,5,total,945,746
10,14,6,total,945,746
10,14,7,total,944,746
10,14,8,total,944,746
10,14,9,total,945,747
10,14,10,total,944,746
10,14,11,total,944,746
10,14,12,total,944,747
10,14,13,total,945,747
10,14,14,total,944,747
10,14,15,total,945,747
10,14,16,total,945,747
10,14,17,total,945,747
10,14,18,total,944,746
10,14,19,total,944,747
10,14,20,total,945,747
10,14,21,total,944,747
10,14,22,total,945,747
10,14,23,total,945,746
10,14,24,total,944,746
10,14,25,total,944,746
10,14,26,total,944,747
10,14,27,total,945,746
10,14,28,total,944,746
10,14,29,total,944,746
10,14,30,total,944,746
10,14,31,total,945,746
10,14,32,total,944,746
10,14,33,total,945,746
10,14,34,total,945,746
10,14,35,total,944,746
10,14,36,total,944,746
10,14,37,total,945,746
10,14,38,total,945,746
10,14,39,total,944,746
10,14,40,total,944,746
10,14,41,total,944,746
10,14,42,total,944,746
10,14,43,total,944,747
10,14,44,total,944,747
10,14,45,total,944,746
10,14,46,total,944,746
10,14,47,total,944,747
10,14,48,total,944,747
10,14,49,total,944,747
10,14,50,total,945,747
10,14,51,total,944,746
10,14,52,total,945,746
10,14,53,total,944,747
10,14,54,total,945,746
10,14,55,total,945,747
10,14,56,total,945,747
10,14,57,total,944,746
10,14,58,total,945,747
10,14,59,total,944,747
10,14,59,;;,56663,60,944
10,15,0,total,945,747
10,15,1,total,944,747
10,15,2,total,944,747
10,15,3,total,945,746
10,15,4,total,944,747
10,15,5,total,944,746
10,15,6,total,945,746
10,15,7,total,945,747
10,15,8,total,945,746
10,15,9,total,944,747
10,15,10,total,945,746
10,15,11,total,945,746
10,15,12,total,945,747
10,15,13,total,945,746
10,15,14,total,945,746
10,15,15,total,944,746
10,15,16,total,944,746
10,15,17,total,945,746
10,15,18,total,945,746
10,15,19,total,944,746
10,15,20,total,944,747
10,15,21,total,944,747
10,15,22,total,944,747
10,15,23,total,945,747
10,15,24,total,945,747
10,15,25,total,944,746
10,15,26,total,944,747
10,15,27,total,945,746
10,15,28,total,945,746
10,15,29,total,944,746
10,15,30,total,944,746
10,15,31,total,945,747
10,15,32,total,945,746
10,15,33,total,945,746
10,15,34,total,946,747
10,15,35,total,947,746
10,15,36,total,946,747
10,15,37,total,945,747
10,15,38,total,945,746
10,15,39,total,945,746
10,15,40,total,945,747
10,15,41,total,944,746
10,15,42,total,945,746
10,15,43,total,945,746
10,15,44,total,944,746
10,15,45,total,944,746
10,15,46,total,945,746
10,15,47,total,945,746
10,15,48,total,945,746
10,15,49,total,944,746
10,15,50,total,945,746
10,15,51,total,944,746
10,15,52,total,945,746
10,15,53,total,945,746
10,15,54,total,944,746
10,15,55,total,945,746
10,15,56,total,944,746
10,15,57,total,944,746
10,15,58,total,944,746
10,15,59,total,944,746
10,15,59,;;,56679,60,944
10,16,0,total,944,746
10,16,1,total,944,746
10,16,2,total,945,746
10,16,3,total,944,746
10,16,4,total,945,746
10,16,5,total,944,746
10,16,6,total,944,746
10,16,7,total,944,746
10,16,8,total,944,746
10,16,9,total,944,746
10,16,10,total,944,746
10,16,11,total,944,746
10,16,12,total,944,746
10,16,13,total,944,746
10,16,14,total,944,746
10,16,15,total,944,746
10,16,16,total,944,746
10,16,17,total,944,746
10,16,18,total,944,746
10,16,19,total,944,746
10,16,20,total,944,746
10,16,21,total,944,746
10,16,22,total,944,746
10,16,23,total,944,746
10,16,24,total,944,746
10,16,25,total,944,746
10,16,26,total,944,746
10,16,27,total,944,746
10,16,28,total,944,746
10,16,29,total,944,747
10,16,30,total,944,747
10,16,31,total,944,747
10,16,32,total,944,746
10,16,33,total,944,747
10,16,34,total,944,747
10,16,35,total,944,747
10,16,36,total,944,746
10,16,37,total,944,747
10,16,38,total,944,746
10,16,39,total,944,746
10,16,40,total,944,746
10,16,41,total,944,746
10,16,42,total,944,746
10,16,43,total,944,746
10,16,44,total,944,746
10,16,45,total,944,746
10,16,46,total,944,746
10,16,47,total,944,747
10,16,48,total,944,747
10,16,49,total,944,746
10,16,50,total,944,746
10,16,51,total,944,746
10,16,52,total,944,746
10,16,53,total,944,747
10,16,54,total,944,746
10,16,55,total,944,746
10,16,56,total,944,747
10,16,57,total,945,746
10,16,58,total,944,747
10,16,59,total,944,747
10,16,59,;;,56643,60,944
10,17,0,total,944,746
10,17,1,total,944,746
10,17,2,total,944,746
10,17,3,total,944,747
10,17,4,total,944,747
10,17,5,total,944,747
10,17,6,total,944,746
10,17,7,total,944,746
10,17,8,total,944,747
10,17,9,total,944,747
10,17,10,total,944,746
10,17,11,total,944,747
10,17,12,total,944,746
10,17,13,total,944,746
10,17,14,total,944,746
10,17,15,total,944,746
10,17,16,total,944,746
10,17,17,total,945,746
10,17,18,total,944,746
10,17,19,total,944,746
10,17,20,total,945,746
10,17,21,total,944,746
10,17,22,total,944,746
10,17,23,total,944,746
10,17,24,total,944,746
10,17,25,total,945,746
10,17,26,total,944,746
10,17,27,total,944,746
10,17,28,total,944,746
10,17,29,total,944,746
10,17,30,total,945,746
10,17,31,total,944,746
10,17,32,total,944,746
10,17,33,total,945,746
10,17,34,total,944,746
10,17,35,total,945,746
10,17,36,total,945,746
10,17,37,total,945,746
10,17,38,total,944,746
10,17,39,total,945,746
10,17,40,total,944,746
10,17,41,total,944,746
10,17,42,total,945,746
10,17,43,total,944,746
10,17,44,total,944,746
10,17,45,total,944,746
10,17,46,total,944,746
10,17,47,total,944,746
10,17,48,total,944,746
10,17,49,total,945,746
10,17,50,total,945,747
10,17,51,total,944,746
10,17,52,total,945,746
10,17,53,total,945,746
10,17,54,total,945,746
10,17,55,total,944,746
10,17,56,total,944,746
10,17,57,total,944,746
10,17,58,total,945,746
10,17,59,total,944,746
10,17,59,;;,56656,60,944
10,18,0,total,945,746
10,18,1,total,944,746
10,18,2,total,945,746
10,18,3,total,945,746
10,18,4,total,944,747
10,18,5,total,944,746
10,18,6,total,945,746
10,18,7,total,944,746
10,18,8,total,945,746
10,18,9,total,945,746
10,18,10,total,944,746
10,18,11,total,944,746
10,18,12,total,945,746
10,18,13,total,944,746
10,18,14,total,944,746
10,18,15,total,944,746
10,18,16,total,945,746
10,18,17,total,944,746
10,18,18,total,944,746
10,18,19,total,944,746
10,18,20,total,945,746
10,18,21,total,945,746
10,18,22,total,944,746
10,18,23,total,944,746
10,18,24,total,944,746
10,18,25,total,944,746
10,18,26,total,944,746
10,18,27,total,945,746
10,18,28,total,944,746
10,18,29,total,944,747
10,18,30,total,944,746
10,18,32,total,944,746
10,18,33,total,944,746
10,18,34,total,944,746
10,18,35,total,945,746
10,18,36,total,944,746
10,18,37,total,944,746
10,18,38,total,944,746
10,18,39,total,945,746
10,18,40,total,945,746
10,18,41,total,944,746
10,18,42,total,945,746
10,18,43,total,945,746
10,18,44,total,945,746
10,18,45,total,944,746
10,18,46,total,944,746
10,18,47,total,944,746
10,18,48,total,944,746
10,18,49,total,945,746
10,18,50,total,944,746
10,18,51,total,944,746
10,18,52,total,944,746
10,18,53,total,944,747
10,18,54,total,944,747
10,18,55,total,944,747
10,18,56,total,944,747
10,18,57,total,944,747
10,18,58,total,944,746
10,18,59,total,944,746
10,18,59,;;,55714,59,944
10,19,0,total,944,747
10,19,1,total,944,746
10,19,2,total,944,746
10,19,3,total,944,746
10,19,4,total,944,746
10,19,5,total,944,746
10,19,6,total,944,746
10,19,7,total,944,746
10,19,8,total,944,746
10,19,9,total,944,746
10,19,10,total,944,746
10,19,11,total,944,746
10,19,12,total,945,746
10,19,13,total,944,746
10,19,14,total,944,746
10,19,15,total,944,746
10,19,16,total,944,746
10,19,17,total,944,746
10,19,18,total,945,746
10,19,19,total,944,747
10,19,20,total,944,747
10,19,21,total,944,747
10,19,22,total,944,747
10,19,23,total,944,747
10,19,24,total,944,747
10,19,25,total,944,746
10,19,26,total,945,746
10,19,27,total,945,746
10,19,28,total,944,746
10,19,29,total,944,746
10,19,30,total,944,746
10,19,31,total,944,746
10,19,32,total,945,746
10,19,33,total,944,746
10,19,34,total,944,746
10,19,35,total,944,747
10,19,36,total,944,746
10,19,37,total,944,746
10,19,38,total,944,746
10,19,39,total,944,746
10,19,40,total,944,746
10,19,41,total,945,746
10,19,42,total,945,746
10,19,43,total,944,746
10,19,44,total,944,746
10,19,45,total,944,746
10,19,46,total,944,746
10,19,47,total,945,746
10,19,48,total,944,746
10,19,49,total,944,746
10,19,50,total,944,746
10,19,51,total,944,746
10,19,52,total,944,746
10,19,53,total,944,746
10,19,54,total,944,746
10,19,55,total,944,746
10,19,56,total,944,746
10,19,57,total,945,746
10,19,58,total,944,746
10,19,59,total,945,746
10,19,59,;;,56650,60,944
10,20,0,total,945,746
10,20,1,total,944,746
10,20,2,total,945,746
10,20,3,total,944,746
10,20,4,total,945,746
10,20,5,total,944,746
10,20,6,total,945,746
10,20,7,total,945,746
10,20,8,total,945,746
10,20,9,total,944,746
10,20,10,total,945,746
10,20,11,total,944,746
10,20,12,total,945,746
10,20,13,total,945,746
10,20,14,total,945,746
10,20,15,total,945,746
10,20,16,total,944,746
10,20,17,total,944,746
10,20,18,total,944,747
10,20,19,total,944,746
10,20,20,total,944,746
10,20,21,total,945,747
10,20,22,total,944,747
10,20,23,total,944,746
10,20,24,total,944,747
10,20,25,total,944,747
10,20,26,total,944,746
10,20,27,total,944,746
10,20,28,total,944,746
10,20,29,total,944,746
10,20,30,total,944,746
10,20,31,total,944,747
10,20,32,total,944,747
10,20,33,total,944,746
10,20,34,total,944,746
10,20,35,total,944,746
10,20,36,total,944,747
10,20,37,total,944,746
10,20,38,total,944,746
10,20,39,total,944,747
10,20,40,total,944,747
10,20,41,total,944,747
10,20,42,total,944,747
10,20,43,total,944,747
10,20,44,total,945,747
10,20,45,total,944,747
10,20,46,total,944,747
10,20,47,total,943,747
10,20,48,total,944,747
10,20,49,total,944,747
10,20,50,total,944,747
10,20,51,total,944,747
10,20,52,total,944,746
10,20,53,total,944,747
10,20,54,total,944,747
10,20,55,total,944,747
10,20,56,total,944,747
10,20,57,total,944,747
10,20,58,total,944,746
10,20,59,total,944,746
10,20,59,;;,56652,60,944
10,21,0,total,944,746
10,21,1,total,944,746
10,21,2,total,945,747
10,21,3,total,944,747
10,21,4,total,944,746
10,21,5,total,944,747
10,21,6,total,944,746
10,21,7,total,944,747
10,21,8,total,945,747
10,21,9,total,944,747
10,21,10,total,944,747
10,21,11,total,944,747
10,21,12,total,944,747
10,21,13,total,944,747
10,21,14,total,944,747
10,21,15,total,944,747
10,21,16,total,944,747
10,21,17,total,944,747
10,21,18,total,945,747
10,21,19,total,944,747
10,21,20,total,944,746
10,21,21,total,944,747
10,21,22,total,944,746
10,21,23,total,944,747
10,21,24,total,944,747
10,21,25,total,944,747
10,21,26,total,945,747
10,21,27,total,944,747
10,21,28,total,945,746
10,21,29,total,944,747
10,21,30,total,944,746
10,21,31,total,944,747
10,21,32,total,944,747
10,21,33,total,944,746
10,21,34,total,944,746
10,21,35,total,944,747
10,21,36,total,944,747
10,21,37,total,944,746
10,21,38,total,944,746
10,21,39,total,944,746
10,21,40,total,944,746
10,21,41,total,944,747
10,21,42,total,944,746
10,21,43,total,944,746
10,21,44,total,944,747
10,21,45,total,944,747
10,21,46,total,945,746
10,21,47,total,944,746
10,21,48,total,944,746
10,21,49,total,944,746
10,21,50,total,944,746
10,21,51,total,944,746
10,21,52,total,944,746
10,21,53,total,944,746
10,21,54,total,944,746
10,21,55,total,944,746
10,21,56,total,944,746
10,21,57,total,945,746
10,21,58,total,945,746
10,21,59,total,944,746
10,21,59,;;,56648,60,944
10,22,0,total,944,746
10,22,1,total,944,746
10,22,2,total,944,746
10,22,3,total,944,746
10,22,4,total,944,746
10,22,5,total,944,746
10,22,6,total,944,747
10,22,7,total,944,746
10,22,8,total,944,746
10,22,9,total,944,746
10,22,10,total,944,746
10,22,11,total,944,746
10,22,12,total,944,746
10,22,13,total,944,746
10,22,14,total,944,746
10,22,15,total,944,746
10,22,16,total,944,746
10,22,17,total,944,746
10,22,18,total,944,746
10,22,19,total,944,746
10,22,20,total,944,746
10,22,21,total,944,746
10,22,22,total,944,746
10,22,23,total,944,746
10,22,24,total,944,746
10,22,25,total,945,746
10,22,26,total,944,746
10,22,27,total,944,746
10,22,28,total,944,746
10,22,29,total,944,746
10,22,30,total,944,746
10,22,31,total,944,746
10,22,32,total,944,746
10,22,33,total,944,746
10,22,34,total,944,746
10,22,35,total,944,746
10,22,36,total,944,746
10,22,37,total,944,746
10,22,38,total,944,746
10,22,39,total,944,746
10,22,40,total,944,746
10,22,41,total,944,746
10,22,42,total,944,746
10,22,43,total,944,746
10,22,44,total,944,746
10,22,45,total,944,746
10,22,46,total,944,746
10,22,47,total,944,746
10,22,48,total,944,746
10,22,49,total,944,746
10,22,50,total,944,746
10,22,51,total,944,747
10,22,52,total,944,746
10,22,53,total,944,747
10,22,54,total,944,747
10,22,55,total,944,746
10,22,56,total,944,746
10,22,57,total,944,747
10,22,58,total,944,747
10,22,59,total,944,746
10,22,59,;;,56641,60,944
10,23,0,total,944,747
10,23,1,total,944,746
10,23,2,total,944,746
10,23,3,total,944,746
10,23,4,total,944,746
10,23,5,total,944,746
10,23,6,total,944,746
10,23,7,total,944,746
10,23,8,total,944,746
10,23,9,total,944,746
10,23,10,total,944,746
10,23,11,total,944,747
10,23,12,total,944,746
10,23,13,total,944,747
10,23,14,total,944,747
10,23,15,total,944,747
10,23,16,total,944,747
10,23,17,total,944,747
10,23,18,total,944,747
10,23,19,total,944,747
10,23,20,total,944,747
10,23,21,total,944,747
10,23,22,total,944,746
10,23,23,total,944,747
10,23,24,total,944,746
10,23,25,total,944,746
10,23,26,total,944,746
10,23,27,total,944,746
10,23,28,total,944,746
10,23,29,total,944,746
10,23,30,total,944,746
10,23,31,total,944,746
10,23,32,total,944,746
10,23,33,total,944,746
10,23,34,total,944,746
10,23,35,total,944,746
10,23,36,total,944,746
10,23,37,total,944,746
10,23,38,total,944,746
10,23,39,total,944,746
10,23,40,total,944,746
10,23,41,total,944,746
10,23,42,total,944,746
10,23,43,total,943,746
10,23,44,total,944,746
10,23,45,total,944,746
10,23,46,total,943,746
10,23,47,total,944,746
10,23,48,total,944,746
10,23,49,total,944,747
10,23,50,total,944,747
10,23,51,total,944,747
10,23,52,total,944,747
10,23,53,total,944,747
10,23,54,total,944,747
10,23,55,total,944,747
10,23,56,total,944,746
10,23,57,total,943,746
10,23,58,total,944,746
10,23,59,total,944,746
10,23,59,;;,56637,60,943
10,24,0,total,944,746
10,24,1,total,944,746
10,24,2,total,944,746
10,24,4,total,944,746
10,24,5,total,944,746
10,24,6,total,944,746
10,24,7,total,944,746
10,24,8,total,944,746
10,24,9,total,944,746
10,24,10,total,944,746
10,24,11,total,944,746
10,24,12,total,944,746
10,24,13,total,944,746
10,24,14,total,944,746
10,24,15,total,944,746
10,24,16,total,944,746
10,24,17,total,944,746
10,24,18,total,944,746
10,24,19,total,944,746
10,24,20,total,943,746
10,24,21,total,944,746
10,24,22,total,944,746
10,24,23,total,944,746
10,24,24,total,944,746
10,24,25,total,944,746
10,24,26,total,944,746
10,24,27,total,944,746
10,24,28,total,944,746
10,24,29,total,944,746
10,24,30,total,944,746
10,24,31,total,944,746
10,24,32,total,945,746
10,24,33,total,945,746
10,24,34,total,944,746
10,24,35,total,942,746
10,24,36,total,943,746
10,24,37,total,944,746
10,24,38,total,944,746
10,24,39,total,944,746
10,24,40,total,944,746
10,24,41,total,944,746
10,24,42,total,945,746
10,24,43,total,945,746
10,24,44,total,945,746
10,24,45,total,944,746
10,24,46,total,944,746
10,24,47,total,944,746
10,24,48,total,944,746
10,24,49,total,944,746
10,24,50,total,944,746
10,24,51,total,944,746
10,24,52,total,944,746
10,24,53,total,944,746
10,24,54,total,944,747
10,24,55,total,944,746
10,24,56,total,944,746
10,24,57,total,944,746
10,24,58,total,944,746
10,24,59,total,944,746
10,24,59,;;,55697,59,944
10,25,0,total,944,746
10,25,1,total,944,746
10,25,2,total,943,747
10,25,3,total,944,746
10,25,4,total,944,746
10,25,5,total,944,746
10,25,6,total,943,746
10,25,7,total,944,746
10,25,8,total,944,746
10,25,9,total,944,746
10,25,10,total,944,746
10,25,11,total,944,746
10,25,12,total,944,746
10,25,13,total,944,746
10,25,14,total,943,746
10,25,15,total,944,746
10,25,16,total,944,746
10,25,17,total,944,746
10,25,18,total,944,746
10,25,19,total,944,746
10,25,20,total,944,746
10,25,21,total,944,746
10,25,22,total,944,746
10,25,23,total,944,746
10,25,24,total,944,746
10,25,25,total,944,746
10,25,26,total,944,746
10,25,27,total,944,746
10,25,28,total,944,746
10,25,29,total,944,746
10,25,30,total,944,746
10,25,31,total,944,746
10,25,32,total,944,746
10,25,33,total,944,746
10,25,34,total,944,746
10,25,35,total,943,746
10,25,36,total,944,746
10,25,37,total,944,746
10,25,38,total,943,746
10,25,39,total,944,746
10,25,40,total,944,746
10,25,41,total,944,746
10,25,42,total,944,746
10,25,43,total,943,746
10,25,44,total,944,746
10,25,45,total,944,746
10,25,46,total,944,746
10,25,47,total,944,746
10,25,48,total,943,746
10,25,49,total,943,746
10,25,50,total,944,746
10,25,51,total,944,746
10,25,52,total,943,746
10,25,53,total,944,746
10,25,54,total,944,746
10,25,55,total,943,746
10,25,56,total,944,746
10,25,57,total,944,746
10,25,58,total,944,746
10,25,59,total,944,746
10,25,59,;;,56630,60,943
10,26,0,total,945,746
10,26,1,total,944,746
10,26,2,total,944,746
10,26,3,total,944,746
10,26,4,total,944,746
10,26,5,total,944,746
10,26,6,total,944,746
10,26,7,total,944,746
10,26,8,total,944,746
10,26,9,total,944,746
10,26,10,total,944,746
10,26,11,total,944,747
10,26,12,total,943,746
10,26,13,total,943,746
10,26,14,total,943,746
10,26,15,total,943,746
10,26,16,total,944,746
10,26,17,total,944,746
10,26,18,total,943,746
10,26,19,total,944,746
10,26,20,total,944,746
10,26,21,total,945,746
10,26,22,total,944,746
10,26,23,total,945,746
10,26,24,total,945,746
10,26,25,total,944,746
10,26,26,total,944,746
10,26,27,total,944,746
10,26,28,total,944,746
10,26,29,total,944,746
10,26,30,total,944,746
10,26,31,total,944,746
10,26,32,total,944,746
10,26,33,total,943,746
10,26,34,total,944,746
10,26,35,total,944,746
10,26,36,total,944,746
10,26,37,total,944,746
10,26,38,total,945,746
10,26,39,total,944,746
10,26,40,total,943,746
10,26,41,total,943,746
10,26,42,total,943,746
10,26,43,total,943,746
10,26,44,total,943,746
10,26,45,total,943,746
10,26,46,total,943,746
10,26,47,total,943,746
10,26,48,total,943,746
10,26,49,total,944,746
10,26,50,total,944,746
10,26,51,total,943,746
10,26,52,total,943,746
10,26,53,total,944,746
10,26,54,total,943,746
10,26,55,total,944,746
10,26,56,total,943,746
10,26,57,total,943,746
10,26,58,total,944,746
10,26,59,total,943,746
10,26,59,;;,56624,60,943
10,27,0,total,943,746
10,27,1,total,943,746
10,27,2,total,943,746
10,27,3,total,943,746
10,27,4,total,943,746
10,27,5,total,943,746
10,27,6,total,943,746
10,27,7,total,943,746
10,27,8,total,943,746
10,27,9,total,943,746
10,27,10,total,943,746
10,27,11,total,943,746
10,27,12,total,944,746
10,27,13,total,943,746
10,27,14,total,944,746
10,27,15,total,944,746
10,27,16,total,943,746
10,27,17,total,943,746
10,27,18,total,943,746
10,27,19,total,943,746
10,27,20,total,943,746
10,27,21,total,943,746
10,27,22,total,943,746
10,27,23,total,944,746
10,27,24,total,945,746
10,27,25,total,945,746
10,27,26,total,944,746
10,27,27,total,944,746
10,27,28,total,943,746
10,27,29,total,943,746
10,27,30,total,943,746
10,27,31,total,943,746
10,27,32,total,943,746
10,27,33,total,943,746
10,27,34,total,943,746
10,27,35,total,943,746
10,27,36,total,943,746
10,27,37,total,943,746
10,27,38,total,943,746
10,27,39,total,944,746
10,27,40,total,943,746
10,27,41,total,943,746
10,27,42,total,944,746
10,27,43,total,943,746
10,27,44,total,944,746
10,27,45,total,943,746
10,27,46,total,943,746
10,27,47,total,943,746
10,27,48,total,943,746
10,27,49,total,943,746
10,27,50,total,943,746
10,27,51,total,943,746
10,27,52,total,943,746
10,27,53,total,942,746
10,27,54,total,943,746
10,27,55,total,943,746
10,27,56,total,943,746
10,27,57,total,943,746
10,27,58,total,943,746
10,27,59,total,943,747
10,27,59,;;,56592,60,943
10,28,0,total,943,746
10,28,1,total,943,747
10,28,2,total,943,747
10,28,3,total,943,747
10,28,4,total,943,747
10,28,5,total,943,747
10,28,6,total,942,747
10,28,7,total,943,747
10,28,8,total,943,746
10,28,9,total,943,747
10,28,10,total,943,747
10,28,11,total,943,747
10,28,12,total,943,747
10,28,13,total,943,747
10,28,14,total,943,747
10,28,15,total,943,747
10,28,16,total,943,747
10,28,17,total,943,747
10,28,18,total,943,747
10,28,19,total,943,747
10,28,20,total,943,747
10,28,21,total,943,747
10,28,22,total,943,747
10,28,23,total,943,747
10,28,24,total,942,747
10,28,25,total,943,747
10,28,26,total,943,747
10,28,27,total,943,747
10,28,28,total,943,747
10,28,29,total,942,747
10,28,30,total,943,747
10,28,31,total,943,747
10,28,32,total,943,747
10,28,33,total,943,747
10,28,34,total,942,747
10,28,35,total,943,747
10,28,36,total,943,747
10,28,37,total,943,747
10,28,38,total,943,747
10,28,39,total,943,747
10,28,40,total,943,747
10,28,41,total,943,747
10,28,42,total,943,746
10,28,43,total,943,747
10,28,44,total,943,747
10,28,45,total,943,747
10,28,46,total,943,747
10,28,47,total,943,746
10,28,48,total,943,747
10,28,49,total,943,746
10,28,50,total,943,746
10,28,51,total,943,747
10,28,52,total,943,746
10,28,53,total,943,746
10,28,54,total,943,747
10,28,55,total,943,746
10,28,56,total,943,746
10,28,57,total,943,746
10,28,58,total,943,747
10,28,59,total,943,746
10,28,59,;;,56576,60,942
10,29,0,total,943,746
10,29,1,total,943,746
10,29,2,total,943,747
10,29,3,total,943,747
10,29,4,total,943,747
10,29,5,total,943,746
10,29,6,total,943,747
10,29,7,total,943,746
10,29,8,total,943,747
10,29,9,total,943,747
10,29,10,total,943,747
10,29,11,total,943,747
10,29,12,total,943,747
10,29,13,total,943,747
10,29,14,total,943,747
10,29,15,total,943,747
10,29,16,total,943,747
10,29,17,total,943,747
10,29,18,total,943,747
10,29,19,total,943,747
10,29,20,total,943,747
10,29,21,total,942,747
10,29,22,total,942,747
10,29,23,total,943,747
10,29,24,total,943,747
10,29,25,total,943,747
10,29,26,total,943,747
10,29,27,total,943,747
10,29,28,total,943,747
10,29,29,total,943,747
10,29,30,total,943,747
10,29,31,total,943,747
10,29,32,total,943,747
10,29,33,total,943,747
10,29,35,total,943,747
10,29,36,total,943,747
10,29,37,total,943,747
10,29,38,total,943,747
10,29,39,total,944,747
10,29,40,total,943,747
10,29,41,total,943,747
10,29,42,total,943,747
10,29,43,total,943,747
10,29,44,total,943,747
10,29,45,total,943,747
10,29,46,total,943,747
10,29,47,total,943,747
10,29,48,total,943,747
10,29,49,total,943,747
10,29,50,total,943,747
10,29,51,total,943,747
10,29,52,total,943,747
10,29,53,total,943,747
10,29,54,total,943,747
10,29,55,total,943,747
10,29,56,total,943,747
10,29,57,total,942,747
10,29,58,total,942,747
10,29,59,total,943,747
10,29,59,;;,55634,59,942
10,30,0,total,943,747
10,30,1,total,943,747
10,30,2,total,943,746
10,30,3,total,943,747
10,30,4,total,943,747
10,30,5,total,943,746
10,30,6,total,943,747
10,30,7,total,943,746
10,30,8,total,943,746
10,30,9,total,942,746
10,30,10,total,943,746
10,30,11,total,943,746
10,30,12,total,943,746
10,30,13,total,943,746
10,30,14,total,943,747
10,30,15,total,943,746
10,30,16,total,943,746
10,30,17,total,943,746
10,30,18,total,943,747
10,30,19,total,943,746
10,30,20,total,943,746
10,30,21,total,942,747
10,30,22,total,942,746
10,30,23,total,943,746
10,30,24,total,943,746
10,30,25,total,943,746
10,30,26,total,943,746
10,30,27,total,943,746
10,30,28,total,942,746
10,30,29,total,943,746
10,30,30,total,943,746
10,30,31,total,943,746
10,30,32,total,942,746
10,30,33,total,943,746
10,30,34,total,943,746
10,30,35,total,943,746
10,30,36,total,943,746
10,30,37,total,943,746
10,30,38,total,943,746
10,30,39,total,943,746
10,30,40,total,942,746
10,30,41,total,942,746
10,30,42,total,943,746
10,30,43,total,943,746
10,30,44,total,942,747
10,30,45,total,943,747
10,30,46,total,942,747
10,30,47,total,943,747
10,30,48,total,942,747
10,30,49,total,942,747
10,30,50,total,942,747
10,30,51,total,943,747
10,30,52,total,942,747
10,30,53,total,942,747
10,30,54,total,943,747
10,30,55,total,942,747
10,30,56,total,947,747
10,30,57,total,958,747
10,30,58,total,959,747
10,30,59,total,956,747
10,30,59,;;,56613,60,943
10,31,0,total,951,747
10,31,1,total,954,747
10,31,2,total,956,746
10,31,3,total,946,747
10,31,4,total,945,747
10,31,5,total,944,747
10,31,6,total,943,747
10,31,7,total,944,747
10,31,8,total,943,747
10,31,9,total,944,747
10,31,10,total,943,747
10,31,11,total,943,746
10,31,12,total,943,747
10,31,13,total,944,746
10,31,14,total,943,747
10,31,15,total,943,747
10,31,16,total,944,747
10,31,17,total,944,747
10,31,18,total,944,747
10,31,19,total,944,747
10,31,20,total,944,747
10,31,21,total,943,747
10,31,22,total,943,747
10,31,23,total,943,747
10,31,24,total,943,747
10,31,25,total,943,747
10,31,26,total,944,747
10,31,27,total,944,747
10,31,28,total,943,747
10,31,29,total,944,747
10,31,30,total,943,747
10,31,31,total,943,747
10,31,32,total,943,747
10,31,33,total,943,747
10,31,34,total,943,747
10,31,35,total,943,747
10,31,36,total,943,747
10,31,37,total,943,747
10,31,38,total,944,747
10,31,39,total,943,747
10,31,40,total,944,747
10,31,41,total,957,747
10,31,42,total,955,747
10,31,43,total,956,747
10,31,44,total,951,747
10,31,45,total,944,747
10,31,46,total,942,747
10,31,47,total,942,746
10,31,48,total,942,747
10,31,49,total,942,747
10,31,50,total,942,747
10,31,51,total,943,747
10,31,52,total,942,747
10,31,53,total,942,747
10,31,54,total,942,747
10,31,55,total,942,747
10,31,56,total,942,747
10,31,57,total,942,747
10,31,58,total,942,747
10,31,59,total,942,747
10,31,59,;;,56666,60,944
10,32,0,total,942,747
10,32,1,total,942,747
10,32,2,total,942,747
10,32,3,total,942,746
10,32,4,total,942,747
10,32,5,total,942,747
10,32,6,total,942,747
10,32,7,total,943,747
10,32,8,total,942,747
10,32,9,total,942,747
10,32,10,total,942,747
10,32,11,total,942,747
10,32,12,total,942,747
10,32,13,total,942,747
10,32,14,total,942,747
10,32,15,total,942,747
10,32,16,total,942,746
10,32,17,total,942,747
10,32,18,total,942,746
10,32,19,total,942,746
10,32,20,total,942,747
10,32,21,total,942,746
10,32,22,total,942,746
10,32,23,total,942,746
10,32,24,total,942,746
10,32,25,total,942,746
10,32,26,total,942,747
10,32,27,total,942,746
10,32,28,total,941,747
10,32,29,total,942,747
10,32,30,total,942,747
10,32,31,total,942,747
10,32,32,total,942,746
10,32,33,total,942,747
10,32,34,total,942,747
10,32,35,total,942,747
10,32,36,total,942,747
10,32,37,total,942,747
10,32,38,total,942,747
10,32,39,total,942,747
10,32,40,total,942,747
10,32,41,total,942,747
10,32,42,total,942,747
10,32,43,total,942,746
10,32,44,total,942,746
10,32,45,total,942,746
10,32,46,total,942,747
10,32,47,total,942,746
10,32,48,total,942,747
10,32,49,total,942,747
10,32,50,total,942,746
10,32,51,total,942,746
10,32,52,total,942,746
10,32,53,total,942,747
10,32,54,total,941,746
10,32,55,total,942,746
10,32,56,total,942,747
10,32,57,total,942,746
10,32,58,total,942,747
10,32,59,total,942,747
10,32,59,;;,56519,60,941
10,33,0,total,942,747
10,33,1,total,942,746
10,33,2,total,942,747
10,33,3,total,942,746
10,33,4,total,942,747
10,33,5,total,942,747
10,33,6,total,942,747
10,33,7,total,942,746
10,33,8,total,942,747
10,33,9,total,942,747
10,33,10,total,942,747
10,33,11,total,942,747
10,33,12,total,942,746
10,33,13,total,942,746
10,33,14,total,942,746
10,33,15,total,942,746
10,33,16,total,942,747
10,33,17,total,942,746
10,33,18,total,942,746
10,33,19,total,942,746
10,33,20,total,942,746
10,33,21,total,942,747
10,33,22,total,942,746
10,33,23,total,942,746
10,33,24,total,942,746
10,33,25,total,942,747
10,33,26,total,942,747
10,33,27,total,942,746
10,33,28,total,942,747
10,33,29,total,942,747
10,33,30,total,942,746
10,33,31,total,942,746
10,33,32,total,942,746
10,33,33,total,942,746
10,33,34,total,942,746
10,33,35,total,942,746
10,33,36,total,942,746
10,33,37,total,942,746
10,33,38,total,942,746
10,33,39,total,942,746
10,33,40,total,942,747
10,33,41,total,942,746
10,33,42,total,942,746
10,33,43,total,942,746
10,33,44,total,942,746
10,33,45,total,943,747
10,33,46,total,943,747
10,33,47,total,942,746
10,33,48,total,942,747
10,33,49,total,942,747
10,33,50,total,942,746
10,33,51,total,942,746
10,33,52,total,942,746
10,33,53,total,942,747
10,33,54,total,942,746
10,33,55,total,942,747
10,33,56,total,942,746
10,33,57,total,942,746
10,33,58,total,942,746
10,33,59,total,942,747
10,33,59,;;,56522,60,942
10,34,0,total,942,746
10,34,1,total,943,746
10,34,2,total,946,746
10,34,3,total,953,746
10,34,4,total,957,747
10,34,5,total,954,746
10,34,6,total,946,747
10,34,7,total,944,746
10,34,8,total,945,746
10,34,9,total,944,746
10,34,10,total,944,746
10,34,11,total,945,746
10,34,12,total,945,746
10,34,13,total,944,746
10,34,14,total,944,746
10,34,15,total,944,746
10,34,16,total,944,746
10,34,17,total,945,746
10,34,18,total,944,746
10,34,19,total,944,746
10,34,20,total,945,746
10,34,21,total,945,746
10,34,22,total,944,746
10,34,23,total,944,746
10,34,24,total,944,746
10,34,25,total,945,746
10,34,26,total,945,746
10,34,27,total,944,746
10,34,28,total,945,746
10,34,29,total,944,746
10,34,30,total,944,746
10,34,31,total,945,746
10,34,32,total,945,746
10,34,33,total,945,746
10,34,34,total,945,746
10,34,35,total,945,746
10,34,36,total,944,746
10,34,37,total,945,746
10,34,38,total,944,746
10,34,39,total,944,746
10,34,40,total,945,746
10,34,41,total,945,746
10,34,42,total,945,746
10,34,43,total,944,746
10,34,44,total,944,746
10,34,45,total,945,746
10,34,46,total,944,746
10,34,47,total,945,746
10,34,48,total,944,746
10,34,49,total,945,746
10,34,50,total,945,746
10,34,51,total,945,746
10,34,52,total,944,746
10,34,53,total,945,746
10,34,54,total,945,746
10,34,55,total,945,746
10,34,56,total,944,746
10,34,57,total,943,746
10,34,58,total,944,746
10,34,59,total,944,746
10,34,59,;;,56698,60,944
10,35,0,total,945,747
10,35,1,total,945,746
10,35,2,total,945,746
10,35,3,total,945,746
10,35,4,total,945,746
10,35,6,total,945,746
10,35,7,total,945,746
10,35,8,total,945,746
10,35,9,total,944,746
10,35,10,total,945,746
10,35,11,total,944,746
10,35,12,total,945,746
10,35,13,total,945,746
10,35,14,total,945,746
10,35,15,total,945,747
10,35,16,total,944,747
10,35,17,total,944,746
10,35,18,total,945,747
10,35,19,total,945,747
10,35,20,total,945,747
10,35,21,total,944,747
10,35,22,total,944,747
10,35,23,total,944,747
10,35,24,total,945,747
10,35,25,total,944,747
10,35,26,total,944,747
10,35,27,total,944,747
10,35,28,total,944,747
10,35,29,total,944,747
10,35,30,total,944,746
10,35,31,total,944,747
10,35,32,total,945,747
10,35,33,total,963,747
10,35,34,total,963,746
10,35,35,total,957,747
10,35,36,total,954,747
10,35,37,total,958,746
10,35,38,total,952,746
10,35,39,total,942,746
10,35,40,total,942,747
10,35,41,total,942,746
10,35,42,total,942,746
10,35,43,total,942,746
10,35,44,total,942,746
10,35,45,total,942,746
10,35,46,total,942,746
10,35,47,total,942,746
10,35,48,total,942,746
10,35,49,total,942,746
10,35,50,total,942,747
10,35,51,total,942,746
10,35,52,total,941,746
10,35,53,total,942,746
10,35,54,total,942,746
10,35,55,total,942,746
10,35,56,total,942,746
10,35,57,total,942,746
10,35,58,total,942,746
10,35,59,total,942,746
10,35,59,;;,55754,59,944
10,36,0,total,942,746
10,36,1,total,941,746
10,36,2,total,942,746
10,36,3,total,942,746
10,36,4,total,942,746
10,36,5,total,942,746
10,36,6,total,942,745
10,36,7,total,942,746
10,36,8,total,942,746
10,36,9,total,942,746
10,36,10,total,942,746
10,36,11,total,942,746
10,36,12,total,942,746
10,36,13,total,942,746
10,36,14,total,942,746
10,36,15,total,942,746
10,36,16,total,942,746
10,36,17,total,942,746
10,36,18,total,942,746
10,36,19,total,942,746
10,36,20,total,943,747
10,36,21,total,941,747
10,36,22,total,942,746
10,36,23,total,942,747
10,36,24,total,942,747
10,36,25,total,942,747
10,36,26,total,942,746
10,36,27,total,942,746
10,36,28,total,942,746
10,36,29,total,942,746
10,36,30,total,942,746
10,36,31,total,941,746
10,36,32,total,942,746
10,36,33,total,942,746
10,36,34,total,942,747
10,36,35,total,942,746
10,36,36,total,942,746
10,36,37,total,942,746
10,36,38,total,942,746
10,36,39,total,942,746
10,36,40,total,942,746
10,36,41,total,942,746
10,36,42,total,942,746
10,36,43,total,942,746
10,36,44,total,942,746
10,36,45,total,942,746
10,36,46,total,942,746
10,36,47,total,942,746
10,36,48,total,942,746
10,36,49,total,942,746
10,36,50,total,942,746
10,36,51,total,942,746
10,36,52,total,942,746
10,36,53,total,942,746
10,36,54,total,941,746
10,36,55,total,942,746
10,36,56,total,941,747
10,36,57,total,942,746
10,36,58,total,942,746
10,36,59,total,942,746
10,36,59,;;,56516,60,941
10,37,0,total,942,746
10,37,1,total,942,746
10,37,2,total,942,746
10,37,3,total,941,746
10,37,4,total,942,746
10,37,5,total,942,746
10,37,6,total,942,746
10,37,7,total,942,746
10,37,8,total,941,746
10,37,9,total,942,746
10,37,10,total,942,746
10,37,11,total,942,746
10,37,12,total,942,746
10,37,13,total,942,746
10,37,14,total,942,746
10,37,15,total,941,746
10,37,16,total,942,746
10,37,17,total,942,746
10,37,18,total,942,746
10,37,19,total,942,746
10,37,20,total,941,746
10,37,21,total,942,746
10,37,22,total,941,746
10,37,23,total,941,746
10,37,24,total,942,746
10,37,25,total,942,746
10,37,26,total,942,746
10,37,27,total,941,746
10,37,28,total,942,746
10,37,29,total,941,746
10,37,30,total,941,746
10,37,31,total,941,746
10,37,32,total,942,746
10,37,33,total,942,746
10,37,34,total,941,746
10,37,35,total,942,746
10,37,36,total,941,746
10,37,37,total,941,746
10,37,38,total,941,746
10,37,39,total,942,746
10,37,40,total,941,746
10,37,41,total,942,746
10,37,42,total,942,746
10,37,43,total,942,746
10,37,44,total,941,747
10,37,45,total,941,747
10,37,46,total,942,747
10,37,47,total,942,747
10,37,48,total,941,747
10,37,49,total,941,747
10,37,50,total,942,746
10,37,51,total,942,747
10,37,52,total,941,746
10,37,53,total,942,747
10,37,54,total,941,746
10,37,55,total,941,746
10,37,56,total,941,746
10,37,57,total,942,746
10,37,58,total,942,746
10,37,59,total,941,746
10,37,59,;;,56496,60,941
10,38,0,total,942,746
10,38,1,total,942,746
10,38,2,total,941,746
10,38,3,total,942,746
10,38,4,total,941,746
10,38,5,total,942,746
10,38,6,total,942,746
10,38,7,total,942,746
10,38,8,total,942,747
10,38,9,total,941,747
10,38,10,total,941,746
10,38,11,total,941,746
10,38,12,total,942,746
10,38,13,total,941,747
10,38,14,total,942,746
10,38,15,total,941,746
10,38,16,total,942,746
10,38,17,total,942,746
10,38,18,total,941,746
10,38,19,total,941,746
10,38,20,total,941,746
10,38,21,total,941,746
10,38,22,total,942,746
10,38,23,total,941,746
10,38,24,total,942,747
10,38,25,total,941,746
10,38,26,total,941,746
10,38,27,total,941,746
10,38,28,total,942,747
10,38,29,total,941,747
10,38,30,total,941,747
10,38,31,total,941,746
10,38,32,total,942,747
10,38,33,total,941,746
10,38,34,total,941,747
10,38,35,total,941,746
10,38,36,total,941,746
10,38,37,total,941,746
10,38,38,total,941,746
10,38,39,total,942,746
10,38,40,total,941,746
10,38,41,total,941,746
10,38,42,total,941,746
10,38,43,total,940,746
10,38,44,total,942,746
10,38,45,total,941,746
10,38,46,total,942,746
10,38,47,total,942,746
10,38,48,total,942,747
10,38,49,total,942,746
10,38,50,total,941,746
10,38,51,total,941,746
10,38,52,total,942,746
10,38,53,total,941,746
10,38,54,total,941,747
10,38,55,total,941,747
10,38,56,total,942,747
10,38,57,total,941,747
10,38,58,total,941,747
10,38,59,total,941,746
10,38,59,;;,56482,60,941
10,39,0,total,942,747
10,39,1,total,941,747
10,39,2,total,941,747
10,39,3,total,941,747
10,39,4,total,941,747
10,39,5,total,941,746
10,39,6,total,941,746
10,39,7,total,942,746
10,39,8,total,941,747
10,39,9,total,941,747
10,39,10,total,941,746
10,39,11,total,941,746
10,39,12,total,941,747
10,39,13,total,941,746
10,39,14,total,941,747
10,39,15,total,941,746
10,39,16,total,941,746
10,39,17,total,941,746
10,39,18,total,941,746
10,39,19,total,941,747
10,39,20,total,941,746
10,39,21,total,941,747
10,39,22,total,941,747
10,39,23,total,940,747
10,39,24,total,941,747
10,39,25,total,941,746
10,39,26,total,941,747
10,39,27,total,941,747
10,39,28,total,941,747
10,39,29,total,941,747
10,39,30,total,941,747
10,39,31,total,941,747
10,39,32,total,941,747
10,39,33,total,941,747
10,39,34,total,941,747
10,39,35,total,941,747
10,39,36,total,941,747
10,39,37,total,941,746
10,39,38,total,941,746
10,39,39,total,940,747
10,39,40,total,941,746
10,39,41,total,941,747
10,39,42,total,941,747
10,39,43,total,941,747
10,39,44,total,941,747
10,39,45,total,941,747
10,39,46,total,941,747
10,39,47,total,941,747
10,39,48,total,941,747
10,39,49,total,941,747
10,39,50,total,941,747
10,39,51,total,941,747
10,39,52,total,941,747
10,39,53,total,941,747
10,39,54,total,941,747
10,39,55,total,941,747
10,39,56,total,941,747
10,39,57,total,941,747
10,39,58,total,941,747
10,39,59,total,941,747
10,39,59,;;,56460,60,941
10,40,0,total,941,747
10,40,1,total,941,747
10,40,2,total,941,748
10,40,3,total,941,748
10,40,4,total,941,748
10,40,5,total,941,747
10,40,6,total,941,747
10,40,7,total,941,747
10,40,8,total,941,747
10,40,9,total,941,747
10,40,10,total,941,747
10,40,11,total,941,747
10,40,12,total,941,747
10,40,13,total,941,747
10,40,14,total,941,747
10,40,15,total,941,747
10,40,16,total,941,747
10,40,17,total,941,747
10,40,18,total,941,746
10,40,19,total,941,747
10,40,20,total,941,746
10,40,21,total,941,747
10,40,22,total,941,747
10,40,23,total,941,747
10,40,24,total,941,747
10,40,25,total,941,746
10,40,26,total,941,746
10,40,27,total,941,747
10,40,28,total,941,747
10,40,29,total,940,747
10,40,30,total,941,747
10,40,31,total,941,747
10,40,32,total,940,747
10,40,33,total,941,747
10,40,34,total,941,747
10,40,36,total,941,747
10,40,37,total,941,747
10,40,38,total,941,747
10,40,39,total,941,747
10,40,40,total,941,747
10,40,41,total,941,747
10,40,42,total,941,747
10,40,43,total,941,747
10,40,44,total,941,747
10,40,45,total,940,747
10,40,46,total,941,747
10,40,47,total,941,747
10,40,48,total,941,747
10,40,49,total,941,747
10,40,50,total,940,747
10,40,51,total,941,747
10,40,52,total,941,747
10,40,53,total,941,747
10,40,54,total,940,747
10,40,55,total,941,747
10,40,56,total,941,747
10,40,57,total,941,747
10,40,58,total,941,747
10,40,59,total,941,747
10,40,59,;;,55514,59,940
10,41,0,total,941,747
10,41,1,total,941,747
10,41,2,total,941,747
10,41,3,total,941,747
10,41,4,total,941,747
10,41,5,total,941,747
10,41,6,total,940,747
10,41,7,total,941,747
10,41,8,total,941,747
10,41,9,total,941,747
10,41,10,total,940,747
10,41,11,total,940,747
10,41,12,total,941,747
10,41,13,total,941,747
10,41,14,total,941,747
10,41,15,total,941,747
10,41,16,total,941,747
10,41,17,total,941,746
10,41,18,total,940,747
10,41,19,total,941,746
10,41,20,total,941,746
10,41,21,total,941,746
10,41,22,total,941,746
10,41,23,total,941,746
10,41,24,total,941,746
10,41,25,total,941,746
10,41,26,total,941,746
10,41,27,total,941,746
10,41,28,total,941,746
10,41,29,total,941,746
10,41,30,total,941,746
10,41,31,total,941,746
10,41,32,total,941,746
10,41,33,total,941,746
10,41,34,total,941,746
10,41,35,total,940,746
10,41,36,total,941,746
10,41,37,total,941,746
10,41,38,total,941,746
10,41,39,total,941,746
10,41,40,total,941,746
10,41,41,total,941,746
10,41,42,total,941,746
10,41,43,total,941,746
10,41,44,total,941,746
10,41,45,total,940,746
10,41,46,total,940,746
10,41,47,total,941,746
10,41,48,total,940,746
10,41,49,total,940,746
10,41,50,total,940,746
10,41,51,total,941,746
10,41,52,total,941,746
10,41,53,total,941,746
10,41,54,total,940,746
10,41,55,total,940,746
10,41,56,total,941,746
10,41,57,total,941,746
10,41,58,total,940,746
10,41,59,total,941,746
10,41,59,;;,56447,60,940
10,42,0,total,941,746
10,42,1,total,940,746
10,42,2,total,941,746
10,42,3,total,941,746
10,42,4,total,941,746
10,42,5,total,941,746
10,42,6,total,940,746
10,42,7,total,940,746
10,42,8,total,941,747
10,42,9,total,941,747
10,42,10,total,941,747
10,42,11,total,941,746
10,42,12,total,940,746
10,42,13,total,941,747
10,42,14,total,941,746
10,42,15,total,941,747
10,42,16,total,941,746
10,42,17,total,941,747
10,42,18,total,940,747
10,42,19,total,940,746
10,42,20,total,941,746
10,42,21,total,940,746
10,42,22,total,941,746
10,42,23,total,941,746
10,42,24,total,940,746
10,42,25,total,940,746
10,42,26,total,940,746
10,42,27,total,941,746
10,42,28,total,940,746
10,42,29,total,941,746
10,42,30,total,940,746
10,42,31,total,941,746
10,42,32,total,941,746
10,42,33,total,941,746
10,42,34,total,941,746
10,42,35,total,940,746
10,42,36,total,941,746
10,42,37,total,939,746
10,42,38,total,941,746
10,42,39,total,940,747
10,42,40,total,941,747
10,42,41,total,940,747
10,42,42,total,940,747
10,42,43,total,940,747
10,42,44,total,941,747
10,42,45,total,941,747
10,42,46,total,940,747
10,42,47,total,941,747
10,42,48,total,940,747
10,42,49,total,940,747
10,42,50,total,941,747
10,42,51,total,940,748
10,42,52,total,941,747
10,42,53,total,940,747
10,42,54,total,941,747
10,42,55,total,941,747
10,42,56,total,941,747
10,42,57,total,941,747
10,42,58,total,940,747
10,42,59,total,941,747
10,42,59,;;,56435,60,940
10,43,0,total,940,747
10,43,1,total,940,747
10,43,2,total,941,747
10,43,3,total,941,747
10,43,4,total,940,747
10,43,5,total,941,747
10,43,6,total,941,746
10,43,7,total,940,747
10,43,8,total,941,747
10,43,9,total,941,747
10,43,10,total,941,747
10,43,11,total,940,747
10,43,12,total,941,746
10,43,13,total,941,747
10,43,14,total,941,747
10,43,15,total,940,747
10,43,16,total,941,747
10,43,17,total,941,746
10,43,18,total,940,747
10,43,19,total,941,747
10,43,20,total,940,747
10,43,21,total,940,746
10,43,22,total,941,747
10,43,23,total,940,746
10,43,24,total,940,747
10,43,25,total,940,747
10,43,26,total,941,747
10,43,27,total,941,747
10,43,28,total,940,747
10,43,29,total,941,747
10,43,30,total,940,747
10,43,31,total,941,747
10,43,32,total,941,747
10,43,33,total,941,747
10,43,34,total,941,747
10,43,35,total,941,747
10,43,36,total,941,747
10,43,37,total,941,747
10,43,38,total,940,747
10,43,39,total,940,747
10,43,40,total,940,747
10,43,41,total,941,747
10,43,42,total,941,747
10,43,43,total,940,747
10,43,44,total,940,747
10,43,45,total,941,747
10,43,46,total,941,747
10,43,47,total,941,747
10,43,48,total,940,747
10,43,49,total,940,746
10,43,50,total,941,746
10,43,51,total,940,747
10,43,52,total,941,747
10,43,53,total,940,747
10,43,54,total,941,747
10,43,55,total,941,747
10,43,56,total,940,746
10,43,57,total,941,747
10,43,58,total,940,746
10,43,59,total,941,746
10,43,59,;;,56435,60,940
10,44,0,total,940,746
10,44,1,total,941,747
10,44,2,total,941,747
10,44,3,total,941,747
10,44,4,total,941,747
10,44,5,total,941,747
10,44,6,total,940,747
10,44,7,total,941,747
10,44,8,total,941,747
10,44,9,total,940,747
10,44,10,total,940,747
10,44,11,total,941,746
10,44,12,total,941,747
10,44,13,total,941,747
10,44,14,total,940,747
10,44,15,total,941,747
10,44,16,total,941,747
10,44,17,total,940,747
10,44,18,total,940,747
10,44,19,total,941,747
10,44,20,total,940,746
10,44,21,total,941,747
10,44,22,total,941,746
10,44,23,total,941,746
10,44,24,total,940,746
10,44,25,total,940,746
10,44,26,total,940,746
10,44,27,total,940,746
10,44,28,total,940,746
10,44,29,total,940,746
10,44,30,total,940,746
10,44,31,total,940,747
10,44,32,total,941,746
10,44,33,total,940,747
10,44,34,total,941,747
10,44,35,total,941,747
10,44,36,total,940,747
10,44,37,total,940,747
10,44,38,total,940,747
10,44,39,total,941,747
10,44,40,total,941,747
10,44,41,total,940,747
10,44,42,total,940,747
10,44,43,total,940,747
10,44,44,total,940,747
10,44,45,total,940,747
10,44,46,total,940,747
10,44,47,total,941,747
10,44,48,total,941,747
10,44,49,total,940,747
10,44,50,total,941,747
10,44,51,total,940,747
10,44,52,total,940,747
10,44,53,total,941,747
10,44,54,total,940,747
10,44,55,total,940,747
10,44,56,total,940,747
10,44,57,total,940,747
10,44,58,total,941,747
10,44,59,total,940,747
10,44,59,;;,56426,60,940
10,45,0,total,940,747
10,45,1,total,940,747
10,45,2,total,941,747
10,45,3,total,940,747
10,45,4,total,940,746
10,45,5,total,940,747
10,45,6,total,941,747
10,45,7,total,940,746
10,45,8,total,941,747
10,45,9,total,941,747
10,45,10,total,941,747
10,45,11,total,940,747
10,45,12,total,940,747
10,45,13,total,941,747
10,45,14,total,941,746
10,45,15,total,940,746
10,45,16,total,940,747
10,45,17,total,940,747
10,45,18,total,940,747
10,45,19,total,941,747
10,45,20,total,940,746
10,45,21,total,940,747
10,45,22,total,941,746
10,45,23,total,940,747
10,45,24,total,940,747
10,45,25,total,940,747
10,45,26,total,941,747
10,45,27,total,941,747
10,45,28,total,941,747
10,45,29,total,941,746
10,45,30,total,941,746
10,45,31,total,940,747
10,45,32,total,940,747
10,45,33,total,940,747
10,45,34,total,941,747
10,45,35,total,941,747
10,45,36,total,940,747
10,45,37,total,941,747
10,45,38,total,941,746
10,45,39,total,940,747
10,45,40,total,940,747
10,45,41,total,940,747
10,45,42,total,940,746
10,45,43,total,941,747
10,45,44,total,940,747
10,45,45,total,941,747
10,45,46,total,940,746
10,45,47,total,941,747
10,45,48,total,941,747
10,45,49,total,940,746
10,45,50,total,940,746
10,45,51,total,941,746
10,45,52,total,941,747
10,45,53,total,940,746
10,45,54,total,941,747
10,45,55,total,940,746
10,45,56,total,940,747
10,45,57,total,940,747
10,45,58,total,940,747
10,45,59,total,940,747
10,45,59,;;,56425,60,940
10,46,0,total,940,747
10,46,1,total,941,747
10,46,2,total,940,747
10,46,4,total,941,747
10,46,5,total,940,747
10,46,6,total,940,747
10,46,7,total,941,747
10,46,8,total,941,747
10,46,9,total,940,747
10,46,10,total,940,747
10,46,11,total,940,747
10,46,12,total,941,747
10,46,13,total,941,747
10,46,14,total,940,747
10,46,15,total,940,747
10,46,16,total,940,746
10,46,17,total,940,747
10,46,18,total,940,747
10,46,19,total,941,746
10,46,20,total,941,747
10,46,21,total,941,747
10,46,22,total,940,747
10,46,23,total,941,747
10,46,24,total,940,747
10,46,25,total,940,747
10,46,26,total,941,747
10,46,27,total,941,747
10,46,28,total,940,747
10,46,29,total,940,747
10,46,30,total,940,747
10,46,31,total,940,747
10,46,32,total,940,747
10,46,33,total,940,747
10,46,34,total,941,747
10,46,35,total,940,747
10,46,36,total,940,747
10,46,37,total,940,747
10,46,38,total,941,747
10,46,39,total,940,746
10,46,40,total,940,747
10,46,41,total,940,747
10,46,42,total,940,747
10,46,43,total,940,747
10,46,44,total,940,747
10,46,45,total,940,747
10,46,46,total,940,747
10,46,47,total,940,747
10,46,48,total,940,747
10,46,49,total,940,747
10,46,50,total,940,747
10,46,51,total,940,747
10,46,52,total,940,747
10,46,53,total,940,746
10,46,54,total,940,747
10,46,55,total,940,747
10,46,56,total,940,747
10,46,57,total,940,747
10,46,58,total,940,747
10,46,59,total,940,747
10,46,59,;;,55474,59,940
10,47,0,total,940,747
10,47,1,total,940,747
10,47,2,total,940,747
10,47,3,total,940,747
10,47,4,total,940,747
10,47,5,total,940,747
10,47,6,total,940,747
10,47,7,total,940,747
10,47,8,total,940,747
10,47,9,total,940,747
10,47,10,total,940,747
10,47,11,total,940,747
10,47,12,total,940,747
10,47,13,total,940,747
10,47,14,total,940,747
10,47,15,total,940,747
10,47,16,total,940,747
10,47,17,total,940,747
10,47,18,total,940,747
10,47,19,total,940,747
10,47,20,total,940,747
10,47,21,total,940,747
10,47,22,total,940,746
10,47,23,total,940,747
10,47,24,total,940,747
10,47,25,total,941,747
10,47,26,total,940,747
10,47,27,total,940,747
10,47,28,total,940,746
10,47,29,total,940,746
10,47,30,total,940,747
10,47,31,total,941,746
10,47,32,total,940,747
10,47,33,total,940,746
10,47,34,total,940,746
10,47,35,total,940,746
10,47,36,total,940,746
10,47,37,total,940,746
10,47,38,total,940,746
10,47,39,total,940,746
10,47,40,total,940,746
10,47,41,total,940,746
10,47,42,total,940,747
10,47,43,total,940,747
10,47,44,total,940,747
10,47,45,total,940,747
10,47,46,total,940,747
10,47,47,total,940,747
10,47,48,total,940,747
10,47,49,total,940,747
10,47,50,total,940,747
10,47,51,total,940,747
10,47,52,total,940,747
10,47,53,total,940,747
10,47,54,total,940,747
10,47,55,total,940,747
10,47,56,total,940,747
10,47,57,total,941,747
10,47,58,total,941,747
10,47,59,total,940,747
10,47,59,;;,56404,60,940
10,48,0,total,941,747
10,48,1,total,941,747
10,48,2,total,940,747
10,48,3,total,940,747
10,48,4,total,940,747
10,48,5,total,940,747
10,48,6,total,941,747
10,48,7,total,941,747
10,48,8,total,940,747
10,48,9,total,941,747
10,48,10,total,941,747
10,48,11,total,941,747
10,48,12,total,941,747
10,48,13,total,940,747
10,48,14,total,940,747
10,48,15,total,940,747
10,48,16,total,940,747
10,48,17,total,940,747
10,48,18,total,940,747
10,48,19,total,940,747
10,48,20,total,940,747
10,48,21,total,940,747
10,48,22,total,940,747
10,48,23,total,940,747
10,48,24,total,940,747
10,48,25,total,940,747
10,48,26,total,940,747
10,48,27,total,940,747
10,48,28,total,940,747
10,48,29,total,940,747
10,48,30,total,940,746
10,48,31,total,940,747
10,48,32,total,940,747
10,48,33,total,940,747
10,48,34,total,940,747
10,48,35,total,940,747
10,48,36,total,940,747
10,48,37,total,940,747
10,48,38,total,940,747
10,48,39,total,940,747
10,48,40,total,940,747
10,48,41,total,940,746
10,48,42,total,940,746
10,48,43,total,940,747
10,48,44,total,940,747
10,48,45,total,940,746
10,48,46,total,940,746
10,48,47,total,929,746
10,48,48,total,836,746
10,48,49,total,827,746
10,48,50,total,821,746
10,48,51,total,801,746
10,48,52,total,788,746
10,48,53,total,798,746
10,48,54,total,808,746
10,48,55,total,799,746
10,48,56,total,789,746
10,48,57,total,809,746
10,48,58,total,802,746
10,48,59,total,789,746
10,48,59,;;,54784,60,913
10,49,0,total,808,746
10,49,1,total,798,746
10,49,2,total,793,746
10,49,3,total,804,747
10,49,4,total,789,747
10,49,5,total,785,746
10,49,6,total,803,747
10,49,7,total,788,746
10,49,8,total,784,746
10,49,9,total,803,747
10,49,10,total,785,747
10,49,11,total,779,747
10,49,12,total,799,746
10,49,13,total,783,747
10,49,14,total,779,747
10,49,15,total,796,747
10,49,16,total,777,747
10,49,17,total,786,747
10,49,18,total,792,747
10,49,19,total,775,746
10,49,20,total,771,747
10,49,21,total,792,747
10,49,22,total,791,747
10,49,23,total,782,747
10,49,24,total,766,746
10,49,25,total,779,746
10,49,26,total,785,746
10,49,27,total,764,746
10,49,28,total,763,746
10,49,29,total,785,746
10,49,30,total,766,746
10,49,31,total,761,747
10,49,32,total,782,747
10,49,33,total,761,747
10,49,34,total,757,746
10,49,35,total,780,746
10,49,36,total,772,747
10,49,37,total,752,746
10,49,38,total,775,747
10,49,39,total,772,747
10,49,40,total,756,747
10,49,41,total,749,747
10,49,42,total,774,746
10,49,43,total,753,747
10,49,44,total,747,747
10,49,45,total,774,747
10,49,46,total,763,747
10,49,47,total,748,747
10,49,48,total,770,747
10,49,49,total,745,747
10,49,50,total,761,747
10,49,51,total,759,747
10,49,52,total,747,747
10,49,53,total,763,747
10,49,54,total,738,747
10,49,55,total,765,747
10,49,56,total,752,748
10,49,57,total,746,747
10,49,58,total,761,747
10,49,59,total,736,747
10,49,59,;;,46369,60,772
10,50,0,total,761,747
10,50,1,total,757,747
10,50,2,total,733,747
10,50,3,total,760,747
10,50,4,total,756,747
10,50,5,total,732,748
10,50,6,total,744,747
10,50,7,total,748,747
10,50,8,total,729,748
10,50,9,total,746,748
10,50,10,total,756,748
10,50,11,total,736,747
10,50,12,total,737,747
10,50,13,total,757,747
10,50,14,total,732,747
10,50,15,total,725,747
10,50,16,total,756,747
10,50,17,total,725,747
10,50,18,total,746,747
10,50,19,total,746,747
10,50,20,total,722,747
10,50,21,total,752,747
10,50,22,total,728,747
10,50,23,total,728,747
10,50,24,total,752,747
10,50,25,total,724,747
10,50,26,total,736,747
10,50,27,total,737,747
10,50,28,total,719,747
10,50,29,total,748,747
10,50,30,total,742,747
10,50,31,total,719,747
10,50,32,total,750,747
10,50,33,total,740,747
10,50,34,total,717,747
10,50,35,total,733,747
10,50,36,total,749,747
10,50,37,total,719,747
10,50,38,total,717,747
10,50,39,total,743,747
10,50,40,total,745,747
10,50,41,total,725,747
10,50,42,total,719,747
10,50,43,total,745,747
10,50,44,total,746,747
10,50,45,total,730,748
10,50,46,total,718,748
10,50,47,total,723,748
10,50,48,total,746,748
10,50,49,total,739,748
10,50,50,total,717,748
10,50,51,total,711,748
10,50,52,total,742,748
10,50,53,total,719,748
10,50,54,total,713,748
10,50,55,total,746,748
10,50,56,total,729,748
10,50,57,total,715,748
10,50,58,total,745,748
10,50,59,total,722,747
10,50,59,;;,44152,60,735
10,51,0,total,731,747
10,51,1,total,730,747
10,51,2,total,726,747
10,51,3,total,730,747
10,51,4,total,707,747
10,51,5,total,743,747
10,51,6,total,709,747
10,51,7,total,743,747
10,51,8,total,707,747
10,51,9,total,740,748
10,51,10,total,720,747
10,51,11,total,714,747
10,51,12,total,724,747
10,51,13,total,704,747
10,51,14,total,741,747
10,51,15,total,721,747
10,51,16,total,703,747
10,51,17,total,740,747
10,51,18,total,732,747
10,51,19,total,707,748
10,51,20,total,705,748
10,51,21,total,738,747
10,51,22,total,728,748
10,51,23,total,708,748
10,51,24,total,716,747
10,51,25,total,739,748
10,51,26,total,732,748
10,51,27,total,703,747
10,51,28,total,704,747
10,51,29,total,734,747
10,51,30,total,733,747
10,51,31,total,706,747
10,51,32,total,722,747
10,51,33,total,735,748
10,51,34,total,703,747
10,51,35,total,720,747
10,51,37,total,729,747
10,51,38,total,701,748
10,51,39,total,736,748
10,51,40,total,711,748
10,51,41,total,702,748
10,51,42,total,737,747
10,51,43,total,713,747
10,51,44,total,699,747
10,51,45,total,734,748
10,51,46,total,718,748
10,51,47,total,710,747
10,51,48,total,733,748
10,51,49,total,707,748
10,51,50,total,700,748
10,51,51,total,735,748
10,51,52,total,704,748
10,51,53,total,695,748
10,51,54,total,730,748
10,51,55,total,727,748
10,51,56,total,704,748
10,51,57,total,711,748
10,51,58,total,733,748
10,51,59,total,707,748
10,51,59,;;,42474,59,719
10,52,0,total,695,748
10,52,1,total,728,748
10,52,2,total,711,748
10,52,3,total,693,748
10,52,4,total,720,748
10,52,5,total,730,747
10,52,6,total,706,748
10,52,7,total,693,748
10,52,8,total,718,748
10,52,9,total,729,748
10,52,10,total,710,747
10,52,11,total,692,748
10,52,12,total,733,747
10,52,13,total,709,747
10,52,14,total,692,747
10,52,15,total,731,748
10,52,16,total,712,747
10,52,17,total,696,747
10,52,18,total,731,747
10,52,19,total,706,747
10,52,20,total,695,747
10,52,21,total,732,747
10,52,22,total,693,747
10,52,23,total,697,747
10,52,24,total,729,747
10,52,25,total,726,747
10,52,26,total,695,747
10,52,27,total,720,747
10,52,28,total,725,747
10,52,29,total,702,747
10,52,30,total,690,747
10,52,31,total,729,747
10,52,32,total,709,747
10,52,33,total,689,747
10,52,34,total,723,747
10,52,35,total,722,747
10,52,36,total,696,747
10,52,37,total,709,747
10,52,38,total,728,747
10,52,39,total,700,747
10,52,40,total,689,747
10,52,41,total,727,747
10,52,42,total,701,747
10,52,43,total,688,747
10,52,44,total,723,746
10,52,45,total,724,747
10,52,46,total,693,747
10,52,47,total,716,747
10,52,48,total,727,747
10,52,49,total,704,747
10,52,50,total,687,747
10,52,51,total,713,747
10,52,52,total,726,747
10,52,53,total,703,747
10,52,54,total,687,747
10,52,55,total,693,747
10,52,56,total,715,747
10,52,57,total,722,747
10,52,58,total,703,747
10,52,59,total,694,747
10,52,59,;;,42579,60,709
10,53,0,total,687,747
10,53,1,total,708,747
10,53,2,total,722,747
10,53,3,total,698,747
10,53,4,total,686,747
10,53,5,total,703,746
10,53,6,total,727,747
10,53,7,total,685,747
10,53,8,total,717,747
10,53,9,total,712,746
10,53,10,total,686,746
10,53,11,total,726,746
10,53,12,total,691,746
10,53,13,total,703,746
10,53,14,total,722,746
10,53,15,total,687,746
10,53,16,total,710,746
10,53,17,total,710,746
10,53,18,total,684,747
10,53,19,total,718,747
10,53,20,total,716,746
10,53,21,total,686,747
10,53,22,total,717,746
10,53,23,total,723,746
10,53,24,total,690,747
10,53,25,total,691,746
10,53,26,total,728,746
10,53,27,total,692,746
10,53,28,total,688,746
10,53,29,total,727,746
10,53,30,total,711,746
10,53,31,total,686,747
10,53,32,total,717,746
10,53,33,total,722,746
10,53,34,total,694,746
10,53,35,total,685,746
10,53,36,total,725,746
10,53,37,total,688,746
10,53,38,total,691,746
10,53,39,total,726,747
10,53,40,total,689,746
10,53,41,total,711,746
10,53,42,total,707,746
10,53,43,total,684,746
10,53,44,total,726,746
10,53,45,total,686,746
10,53,46,total,702,747
10,53,47,total,702,747
10,53,48,total,686,746
10,53,49,total,726,746
10,53,50,total,689,746
10,53,51,total,706,747
10,53,52,total,699,746
10,53,53,total,686,747
10,53,54,total,725,747
10,53,55,total,702,746
10,53,56,total,684,746
10,53,57,total,727,746
10,53,58,total,718,746
10,53,59,total,691,746
10,53,59,;;,42231,60,703
10,54,0,total,685,746
10,54,1,total,706,747
10,54,2,total,722,746
10,54,3,total,702,746
10,54,4,total,690,746
10,54,5,total,684,746
10,54,6,total,699,746
10,54,7,total,725,746
10,54,8,total,708,746
10,54,9,total,688,746
10,54,10,total,684,746
10,54,11,total,711,746
10,54,12,total,715,746
10,54,13,total,697,746
10,54,14,total,683,746
10,54,15,total,696,746
10,54,16,total,726,746
10,54,17,total,705,746
10,54,18,total,686,746
10,54,19,total,685,746
10,54,20,total,708,746
10,54,21,total,727,746
10,54,22,total,700,746
10,54,23,total,688,746
10,54,24,total,683,746
10,54,25,total,700,746
10,54,26,total,727,746
10,54,27,total,708,746
10,54,28,total,687,747
10,54,29,total,684,746
10,54,30,total,716,747
10,54,31,total,725,747
10,54,32,total,691,747
10,54,33,total,684,747
10,54,34,total,716,747
10,54,35,total,721,747
10,54,36,total,693,747
10,54,37,total,690,747
10,54,38,total,726,747
10,54,39,total,697,747
10,54,40,total,683,747
10,54,41,total,723,747
10,54,42,total,694,747
10,54,43,total,683,747
10,54,44,total,720,747
10,54,45,total,711,747
10,54,46,total,683,747
10,54,47,total,725,747
10,54,48,total,703,747
10,54,49,total,683,747
10,54,50,total,704,747
10,54,51,total,722,747
10,54,52,total,683,747
10,54,53,total,711,746
10,54,54,total,721,747
10,54,55,total,691,747
10,54,56,total,682,746
10,54,57,total,726,746
10,54,58,total,705,746
10,54,59,total,685,746
10,54,59,;;,42106,60,701
10,55,0,total,711,745
10,55,1,total,722,746
10,55,2,total,685,746
10,55,3,total,690,745
10,55,4,total,725,746
10,55,5,total,694,745
10,55,6,total,683,745
10,55,7,total,714,745
10,55,8,total,684,746
10,55,9,total,707,745
10,55,10,total,723,745
10,55,11,total,690,745
10,55,12,total,705,745
10,55,13,total,724,745
10,55,14,total,694,745
10,55,15,total,684,745
10,55,16,total,719,745
10,55,17,total,705,745
10,55,18,total,683,746
10,55,19,total,693,745
10,55,20,total,719,746
10,55,21,total,724,746
10,55,22,total,686,745
10,55,23,total,685,746
10,55,24,total,713,746
10,55,25,total,726,746
10,55,26,total,712,746
10,55,27,total,683,745
10,55,28,total,693,746
10,55,29,total,725,746
10,55,30,total,716,746
10,55,31,total,690,746
10,55,32,total,684,746
10,55,33,total,719,746
10,55,34,total,717,746
10,55,35,total,686,746
10,55,36,total,690,746
10,55,37,total,721,746
10,55,38,total,686,745
10,55,39,total,693,746
10,55,40,total,726,746
10,55,41,total,697,746
10,55,42,total,692,745
10,55,43,total,727,745
10,55,44,total,703,746
10,55,45,total,682,745
10,55,46,total,698,745
10,55,47,total,717,745
10,55,48,total,687,745
10,55,49,total,688,746
10,55,50,total,721,746
10,55,51,total,716,746
10,55,52,total,682,745
10,55,53,total,710,745
10,55,54,total,722,745
10,55,55,total,692,746
10,55,56,total,685,746
10,55,57,total,724,746
10,55,58,total,690,746
10,55,59,total,688,746
10,55,59,;;,42150,60,702
10,56,0,total,723,746
10,56,1,total,700,746
10,56,2,total,691,746
10,56,3,total,727,746
10,56,4,total,703,746
10,56,5,total,682,746
10,56,6,total,709,746
10,56,7,total,712,746
10,56,8,total,688,746
10,56,9,total,692,746
10,56,10,total,727,746
10,56,11,total,708,746
10,56,12,total,704,746
10,56,13,total,726,746
10,56,14,total,694,746
10,56,15,total,686,746
10,56,16,total,726,746
10,56,17,total,688,746
10,56,18,total,695,746
10,56,19,total,724,746
10,56,20,total,684,746
10,56,21,total,717,746
10,56,22,total,697,746
10,56,23,total,690,746
10,56,24,total,724,746
10,56,25,total,684,746
10,56,26,total,715,746
10,56,27,total,696,746
10,56,28,total,686,746
10,56,29,total,726,746
10,56,30,total,691,746
10,56,31,total,684,746
10,56,32,total,721,746
10,56,33,total,684,746
10,56,34,total,717,745
10,56,35,total,713,746
10,56,36,total,685,745
10,56,37,total,720,746
10,56,38,total,709,745
10,56,39,total,682,745
10,56,40,total,715,745
10,56,41,total,714,746
10,56,42,total,683,746
10,56,43,total,718,746
10,56,44,total,715,746
10,56,45,total,689,746
10,56,46,total,685,746
10,56,47,total,708,746
10,56,48,total,727,746
10,56,49,total,714,746
10,56,50,total,687,745
10,56,51,total,683,745
10,56,52,total,714,746
10,56,53,total,725,745
10,56,54,total,706,746
10,56,55,total,685,746
10,56,56,total,705,746
10,56,57,total,723,746
10,56,58,total,699,746
10,56,59,total,682,746
10,56,59,;;,42207,60,703
10,57,0,total,717,746
10,57,1,total,720,745
10,57,2,total,682,746
10,57,3,total,691,746
10,57,4,total,727,746
10,57,5,total,706,746
10,57,6,total,682,745
10,57,7,total,726,746
10,57,9,total,701,746
10,57,10,total,682,746
10,57,11,total,721,746
10,57,12,total,709,746
10,57,13,total,684,745
10,57,14,total,722,745
10,57,15,total,717,745
10,57,16,total,688,745
10,57,17,total,682,745
10,57,18,total,715,745
10,57,19,total,725,745
10,57,20,total,704,745
10,57,21,total,684,745
10,57,22,total,690,745
10,57,23,total,727,745
10,57,24,total,706,745
10,57,25,total,682,745
10,57,26,total,699,745
10,57,27,total,726,745
10,57,28,total,690,745
10,57,29,total,687,745
10,57,30,total,718,745
10,57,31,total,715,745
10,57,32,total,685,745
10,57,33,total,719,746
10,57,34,total,714,745
10,57,35,total,684,746
10,57,36,total,691,745
10,57,37,total,726,745
10,57,38,total,687,745
10,57,39,total,699,745
10,57,40,total,721,745
10,57,41,total,685,745
10,57,42,total,708,745
10,57,43,total,701,746
10,57,44,total,686,745
10,57,45,total,726,745
10,57,46,total,687,745
10,57,47,total,705,746
10,57,48,total,701,745
10,57,49,total,684,745
10,57,50,total,719,745
10,57,51,total,713,745
10,57,52,total,683,745
10,57,53,total,727,746
10,57,54,total,701,745
10,57,55,total,682,745
10,57,56,total,717,746
10,57,57,total,719,746
10,57,58,total,683,745
10,57,59,total,703,745
10,57,59,;;,41481,59,703
10,58,0,total,724,745
10,58,1,total,694,745
10,58,2,total,682,745
10,58,3,total,726,745
10,58,4,total,699,745
10,58,5,total,682,746
10,58,6,total,707,745
10,58,7,total,720,746
10,58,8,total,683,746
10,58,9,total,723,745
10,58,10,total,717,746
10,58,11,total,684,746
10,58,12,total,707,745
10,58,13,total,707,745
10,58,14,total,686,745
10,58,15,total,694,746
10,58,16,total,723,745
10,58,17,total,718,745
10,58,18,total,683,745
10,58,19,total,691,745
10,58,20,total,723,746
10,58,21,total,726,746
10,58,22,total,711,746
10,58,23,total,684,746
10,58,24,total,688,746
10,58,25,total,714,746
10,58,26,total,727,746
10,58,27,total,714,746
10,58,28,total,691,746
10,58,29,total,683,746
10,58,30,total,696,746
10,58,31,total,727,746
10,58,32,total,713,746
10,58,33,total,683,746
10,58,34,total,700,746
10,58,35,total,723,746
10,58,36,total,721,746
10,58,37,total,699,746
10,58,38,total,685,746
10,58,39,total,696,746
10,58,40,total,725,746
10,58,41,total,720,746
10,58,42,total,703,746
10,58,43,total,685,746
10,58,44,total,701,746
10,58,45,total,726,746
10,58,46,total,712,746
10,58,47,total,685,746
10,58,48,total,702,746
10,58,49,total,726,746
10,58,50,total,693,746
10,58,51,total,685,746
10,58,52,total,719,746
10,58,53,total,701,746
10,58,54,total,684,746
10,58,55,total,705,746
10,58,56,total,724,746
10,58,57,total,690,746
10,58,58,total,712,746
10,58,59,total,716,746
10,58,59,;;,42268,60,704
10,59,0,total,683,746
10,59,1,total,725,746
10,59,2,total,694,746
10,59,3,total,720,746
10,59,4,total,698,746
10,59,5,total,691,746
10,59,6,total,719,746
10,59,7,total,682,746
10,59,8,total,722,746
10,59,9,total,683,746
10,59,10,total,724,746
10,59,11,total,693,746
10,59,12,total,698,746
10,59,13,total,705,745
10,59,14,total,687,745
10,59,15,total,724,746
10,59,16,total,688,745
10,59,17,total,707,746
10,59,18,total,698,745
10,59,19,total,685,745
10,59,20,total,727,745
10,59,21,total,698,746
10,59,22,total,684,746
10,59,23,total,725,745
10,59,24,total,702,746
10,59,25,total,683,745
10,59,26,total,706,745
10,59,27,total,727,745
10,59,28,total,692,745
10,59,29,total,684,745
10,59,30,total,687,745
10,59,31,total,714,746
10,59,32,total,727,746
10,59,33,total,702,746
10,59,34,total,687,746
10,59,35,total,684,745
10,59,36,total,687,745
10,59,37,total,716,746
10,59,38,total,702,745
10,59,39,total,688,746
10,59,40,total,684,746
10,59,41,total,705,745
10,59,42,total,726,746
10,59,43,total,692,746
10,59,44,total,686,746
10,59,45,total,726,746
10,59,46,total,706,745
10,59,47,total,683,746
10,59,48,total,726,745
10,59,49,total,706,746
10,59,50,total,683,746
10,59,51,total,698,746
10,59,52,total,724,746
10,59,53,total,683,745
10,59,54,total,707,745
10,59,55,total,721,746
10,59,56,total,687,745
10,59,57,total,697,746
10,59,58,total,714,745
10,59,59,total,684,745
10,59,59,;;,42086,60,701
