22,27,44,0,263,702
22,27,45,0,260,703
22,27,46,0,261,703
22,27,47,0,266,704
22,27,48,0,261,704
22,27,49,0,261,704
22,27,50,0,267,703
22,27,51,0,261,703
22,27,52,0,266,703
22,27,53,0,266,703
22,27,54,0,261,703
22,27,55,0,261,703
22,27,56,0,266,703
22,27,57,0,265,703
22,27,58,0,260,703
22,27,59,0,262,703
22,27,59,;;,4207,16,262
22,28,0,0,266,703
22,28,1,0,261,703
22,28,2,0,263,703
22,28,3,0,268,703
22,28,4,0,264,702
22,28,5,0,260,703
22,28,6,0,263,702
22,28,7,0,268,702
22,28,8,0,267,702
22,28,9,0,262,702
22,28,10,0,264,702
22,28,11,0,268,703
22,28,12,0,262,702
22,28,13,0,262,702
22,28,14,0,267,702
22,28,15,0,262,702
22,28,16,0,262,702
22,28,17,0,266,702
22,28,18,0,260,702
22,28,19,0,265,702
22,28,20,0,266,702
22,28,21,0,261,702
22,28,22,0,267,702
22,28,23,0,261,702
22,28,24,0,263,702
22,28,25,0,265,703
22,28,26,0,261,702
22,28,27,0,265,703
22,28,28,0,265,703
22,28,29,0,261,703
22,28,30,0,264,703
22,28,31,0,267,702
22,28,32,0,260,702
22,28,33,0,262,702
22,28,34,0,267,703
22,28,35,0,262,702
22,28,36,0,262,702
22,28,37,0,266,702
22,28,38,0,260,703
22,28,39,0,265,702
22,28,40,0,267,702
22,28,41,0,260,702
22,28,42,0,262,702
22,28,43,0,267,702
22,28,44,0,262,702
22,28,45,0,262,702
22,28,46,0,267,701
22,28,47,0,262,701
22,28,48,0,261,702
22,28,49,0,266,702
22,28,50,0,265,701
22,28,51,0,260,702
22,28,52,0,264,702
22,28,53,0,266,701
22,28,54,0,260,701
22,28,55,0,265,702
22,28,56,0,265,702
22,28,57,0,259,702
22,28,58,0,264,702
22,28,59,0,265,703
22,28,59,;;,15819,60,263
22,29,0,0,263,702
22,29,1,0,266,702
22,29,2,0,260,702
22,29,3,0,264,702
22,29,4,0,267,702
22,29,5,0,260,702
22,29,6,0,261,702
22,29,7,0,267,702
22,29,8,0,266,702
22,29,9,0,260,701
22,29,10,0,265,701
22,29,11,0,267,701
22,29,12,0,262,702
22,29,13,0,261,702
22,29,14,0,266,702
22,29,15,0,260,702
22,29,16,0,262,702
22,29,17,0,267,702
22,29,18,0,266,702
22,29,19,0,260,702
22,29,20,0,262,702
22,29,21,0,266,702
22,29,22,0,262,702
22,29,23,0,259,702
22,29,24,0,264,702
22,29,25,0,266,702
22,29,26,0,263,702
22,29,27,0,261,702
22,29,28,0,266,702
22,29,29,0,261,703
22,29,30,0,261,702
22,29,31,0,266,702
22,29,32,0,263,702
22,29,33,0,261,702
22,29,34,0,265,702
22,29,35,0,268,702
22,29,36,0,270,702
22,29,37,0,265,702
22,29,38,0,264,702
22,29,39,0,266,702
22,29,40,0,268,702
22,29,41,0,266,702
22,29,42,0,262,703
22,29,43,0,261,703
22,29,44,0,266,702
22,29,45,0,270,702
22,29,46,0,263,702
22,29,47,0,263,702
22,29,48,0,269,702
22,29,49,0,264,702
22,29,50,0,268,702
22,29,51,0,264,702
22,29,52,0,266,701
22,29,53,0,262,702
22,29,54,0,269,703
22,29,55,0,263,702
22,29,56,0,268,703
22,29,57,0,266,703
22,29,58,0,262,703
22,29,59,0,267,703
22,29,59,;;,15856,60,264
22,30,0,0,263,703
22,30,1,0,269,703
22,30,2,0,262,703
22,30,3,0,264,704
22,30,4,0,265,703
22,30,5,0,262,703
22,30,6,0,269,703
22,30,7,0,261,704
22,30,8,0,266,703
22,30,9,0,262,703
22,30,10,0,267,703
22,30,11,0,264,703
22,30,12,0,263,703
22,30,13,0,268,703
22,30,14,0,261,703
22,30,15,0,265,703
22,30,16,0,267,703
22,30,17,0,261,703
22,30,18,0,263,703
22,30,19,0,268,703
22,30,20,0,261,703
22,30,21,0,266,703
22,30,22,0,267,703
22,30,23,0,261,702
22,30,24,0,266,703
22,30,25,0,265,703
22,30,26,0,263,702
22,30,27,0,268,702
22,30,28,0,260,703
22,30,29,0,267,702
22,30,30,0,260,703
22,30,31,0,266,703
22,30,32,0,261,702
22,30,33,0,270,702
22,30,34,0,266,703
22,30,35,0,266,703
22,30,36,0,267,703
22,30,37,0,259,703
22,30,38,0,265,703
22,30,39,0,262,703
22,30,40,0,262,703
22,30,41,0,266,703
22,30,42,0,260,703
22,30,43,0,264,703
22,30,44,0,267,703
22,30,45,0,263,703
22,30,46,0,267,703
22,30,47,0,271,703
22,30,48,0,265,703
22,30,49,0,314,703
22,30,50,0,263,703
22,30,51,0,257,703
22,30,52,0,262,704
22,30,53,0,261,704
22,30,54,0,256,705
22,30,55,0,261,705
22,30,56,0,261,704
22,30,57,0,257,703
22,30,58,0,262,703
22,30,59,0,257,703
22,30,59,;;,15872,60,264
22,31,0,0,264,704
22,31,1,0,256,704
22,31,2,0,261,704
22,31,3,0,257,703
22,31,5,0,261,703
22,31,6,0,261,703
22,31,7,0,256,703
22,31,8,0,263,703
22,31,9,0,257,703
22,31,10,0,259,704
22,31,11,0,260,704
22,31,12,0,256,704
22,31,13,0,263,704
22,31,14,0,257,704
22,31,15,0,262,704
22,31,16,0,256,704
22,31,17,0,262,704
22,31,18,0,258,704
22,31,19,0,260,704
22,31,20,0,263,704
22,31,21,0,257,704
22,31,22,0,260,704
22,31,23,0,264,704
22,31,24,0,257,704
22,31,25,0,259,704
22,31,26,0,264,704
22,31,27,0,259,704
22,31,28,0,257,703
22,31,29,0,264,704
22,31,30,0,261,703
22,31,31,0,257,703
22,31,32,0,260,703
22,31,33,0,265,703
22,31,34,0,261,703
22,31,35,0,258,703
22,31,36,0,261,703
22,31,37,0,266,703
22,31,38,0,268,703
22,31,39,0,507,703
22,31,40,0,279,703
22,31,41,0,278,704
22,31,42,0,278,703
22,31,43,0,280,703
22,31,44,0,282,703
22,31,45,0,272,703
22,31,46,0,279,703
22,31,47,0,261,704
22,31,48,0,263,704
22,31,49,0,267,704
22,31,50,0,266,704
22,31,51,0,261,704
22,31,52,0,263,703
22,31,53,0,266,704
22,31,54,0,266,704
22,31,55,0,262,704
22,31,56,0,259,704
22,31,57,0,265,704
22,31,58,0,260,704
22,31,59,0,260,704
22,31,59,;;,15764,59,267
22,32,0,0,266,704
22,32,1,0,260,704
22,32,2,0,260,703
22,32,3,0,262,704
22,32,4,0,259,703
22,32,5,0,268,704
22,32,6,0,268,704
22,32,7,0,261,704
22,32,8,0,262,704
22,32,9,0,267,704
22,32,10,0,262,704
22,32,11,0,259,704
22,32,12,0,266,704
22,32,13,0,263,704
22,32,14,0,259,704
22,32,15,0,262,704
22,32,16,0,265,704
22,32,17,0,267,703
22,32,18,0,260,703
22,32,19,0,267,703
22,32,20,0,268,703
22,32,21,0,266,703
22,32,22,0,263,702
22,32,23,0,261,703
22,32,24,0,265,703
22,32,25,0,264,704
22,32,26,0,259,704
22,32,27,0,263,705
22,32,28,0,265,705
22,32,29,0,259,704
22,32,30,0,264,705
22,32,31,0,263,704
22,32,32,0,259,705
22,32,33,0,265,705
22,32,34,0,259,704
22,32,35,0,264,705
22,32,36,0,263,705
22,32,37,0,258,705
22,32,38,0,266,704
22,32,39,0,260,704
22,32,40,0,260,705
22,32,41,0,266,704
22,32,42,0,261,704
22,32,43,0,259,705
22,32,44,0,266,704
22,32,45,0,265,704
22,32,46,0,260,705
22,32,47,0,260,705
22,32,48,0,262,704
22,32,49,0,267,704
22,32,50,0,263,705
22,32,51,0,259,704
22,32,52,0,263,704
22,32,53,0,266,704
22,32,54,0,265,704
22,32,55,0,261,704
22,32,56,0,259,704
22,32,57,0,264,704
22,32,58,0,266,704
22,32,59,0,265,703
22,32,59,;;,15774,60,262
22,33,0,0,261,703
22,33,1,0,259,703
22,33,2,0,263,703
22,33,3,0,266,704
22,33,4,0,266,704
22,33,5,0,264,703
22,33,6,0,261,703
22,33,7,0,258,703
22,33,8,0,260,703
22,33,9,0,264,703
22,33,10,0,265,703
22,33,11,0,263,703
22,33,12,0,258,703
22,33,13,0,263,703
22,33,14,0,265,703
22,33,15,0,260,703
22,33,16,0,260,703
22,33,17,0,264,703
22,33,18,0,258,703
22,33,19,0,262,703
22,33,20,0,264,703
22,33,21,0,259,703
22,33,22,0,262,702
22,33,23,0,265,703
22,33,24,0,258,703
22,33,25,0,264,703
22,33,26,0,259,703
22,33,27,0,262,702
22,33,28,0,262,702
22,33,29,0,260,703
22,33,30,0,263,702
22,33,31,0,259,703
22,33,32,0,263,703
22,33,33,0,258,703
22,33,34,0,264,703
22,33,35,0,257,703
22,33,36,0,263,703
22,33,37,0,257,703
22,33,38,0,264,703
22,33,39,0,257,703
22,33,40,0,259,703
22,33,41,0,262,703
22,33,42,0,257,703
22,33,43,0,265,703
22,33,44,0,256,703
22,33,45,0,264,703
22,33,46,0,260,703
22,33,47,0,259,703
22,33,48,0,264,703
22,33,49,0,258,703
22,33,50,0,259,703
22,33,51,0,263,702
22,33,52,0,256,702
22,33,53,0,264,703
22,33,54,0,258,702
22,33,55,0,263,703
22,33,56,0,257,703
22,33,57,0,262,702
22,33,58,0,258,703
22,33,59,0,261,703
22,33,59,;;,15665,60,261
22,34,0,0,259,703
22,34,1,0,264,703
22,34,2,0,257,702
22,34,3,0,263,702
22,34,4,0,258,703
22,34,5,0,260,702
22,34,6,0,261,702
22,34,7,0,258,702
22,34,8,0,263,702
22,34,9,0,256,702
22,34,10,0,263,703
22,34,11,0,257,703
22,34,12,0,261,703
22,34,13,0,261,703
22,34,14,0,257,703
22,34,15,0,264,703
22,34,16,0,259,702
22,34,17,0,259,703
22,34,18,0,264,703
22,34,19,0,258,703
22,34,20,0,260,703
22,34,21,0,263,703
22,34,22,0,257,703
22,34,23,0,263,703
22,34,24,0,260,703
22,34,25,0,258,703
22,34,26,0,265,704
22,34,27,0,257,704
22,34,28,0,264,704
22,34,29,0,258,704
22,34,30,0,259,704
22,34,31,0,259,703
22,34,32,0,259,703
22,34,33,0,262,704
22,34,34,0,257,703
22,34,35,0,264,703
22,34,36,0,257,703
22,34,37,0,260,703
22,34,38,0,258,703
22,34,39,0,261,704
22,34,40,0,263,703
22,34,41,0,257,703
22,34,42,0,263,703
22,34,43,0,259,703
22,34,44,0,261,703
22,34,45,0,258,703
22,34,46,0,264,703
22,34,47,0,256,703
22,34,48,0,264,703
22,34,49,0,256,703
22,34,50,0,262,702
22,34,51,0,259,703
22,34,52,0,259,702
22,34,53,0,261,702
22,34,54,0,258,702
22,34,55,0,265,703
22,34,56,0,258,702
22,34,57,0,266,702
22,34,58,0,258,703
22,34,59,0,264,702
22,34,59,;;,15614,60,260
22,35,0,0,260,702
22,35,1,0,263,703
22,35,2,0,263,703
22,35,3,0,260,703
22,35,4,0,265,703
22,35,5,0,260,702
22,35,6,0,264,703
22,35,7,0,265,703
22,35,8,0,260,703
22,35,9,0,267,703
22,35,10,0,261,703
22,35,11,0,262,703
22,35,12,0,266,702
22,35,13,0,259,703
22,35,14,0,265,703
22,35,15,0,264,703
22,35,16,0,260,703
22,35,17,0,266,703
22,35,18,0,258,703
22,35,19,0,265,703
22,35,20,0,263,703
22,35,21,0,263,703
22,35,22,0,264,703
22,35,23,0,263,703
22,35,24,0,264,703
22,35,25,0,261,704
22,35,26,0,262,703
22,35,27,0,264,704
22,35,28,0,263,704
22,35,29,0,260,704
22,35,30,0,267,704
22,35,31,0,262,704
22,35,32,0,259,703
22,35,33,0,265,704
22,35,34,0,267,703
22,35,35,0,260,703
22,35,36,0,262,703
22,35,37,0,267,703
22,35,38,0,263,703
22,35,39,0,259,703
22,35,40,0,265,702
22,35,41,0,264,702
22,35,42,0,261,702
22,35,43,0,266,703
22,35,44,0,259,702
22,35,45,0,267,702
22,35,46,0,260,702
22,35,47,0,264,702
22,35,48,0,264,702
22,35,49,0,261,702
22,35,50,0,267,702
22,35,51,0,259,702
22,35,52,0,263,702
22,35,53,0,259,702
22,35,54,0,264,702
22,35,55,0,257,703
22,35,56,0,264,703
22,35,57,0,262,703
22,35,58,0,258,702
22,35,59,0,264,703
22,35,59,;;,15759,60,262
22,36,0,0,257,703
22,36,1,0,264,704
22,36,2,0,259,703
22,36,3,0,264,704
22,36,4,0,265,703
22,36,5,0,260,704
22,36,6,0,267,703
22,36,7,0,261,704
22,36,8,0,263,704
22,36,9,0,266,703
22,36,10,0,260,704
22,36,11,0,266,704
22,36,12,0,263,704
22,36,13,0,260,704
22,36,14,0,266,704
22,36,15,0,259,704
22,36,16,0,266,704
22,36,17,0,260,704
22,36,18,0,264,704
22,36,19,0,267,704
22,36,20,0,259,704
22,36,21,0,264,704
22,36,22,0,266,705
22,36,23,0,260,704
22,36,24,0,263,705
22,36,25,0,267,705
22,36,26,0,260,704
22,36,27,0,262,705
22,36,28,0,266,704
22,36,29,0,261,704
22,36,30,0,262,705
22,36,31,0,268,704
22,36,32,0,264,704
22,36,33,0,266,704
22,36,34,0,260,704
22,36,35,0,264,704
22,36,36,0,268,705
22,36,37,0,261,704
22,36,38,0,261,703
22,36,39,0,265,704
22,36,40,0,259,704
22,36,41,0,263,703
22,36,43,0,264,704
22,36,44,0,259,703
22,36,45,0,265,703
22,36,46,0,258,703
22,36,47,0,265,703
22,36,48,0,261,703
22,36,49,0,260,702
22,36,50,0,264,703
22,36,51,0,258,703
22,36,52,0,264,703
22,36,53,0,264,703
22,36,54,0,258,703
22,36,55,0,264,703
22,36,56,0,266,703
22,36,57,0,262,703
22,36,58,0,259,702
22,36,59,0,261,702
22,36,59,;;,15498,59,262
22,37,0,0,265,703
22,37,1,0,262,702
22,37,2,0,261,703
22,37,3,0,266,703
22,37,4,0,259,703
22,37,5,0,262,703
22,37,6,0,264,703
22,37,7,0,263,703
22,37,8,0,262,703
22,37,9,0,260,704
22,37,10,0,264,704
22,37,11,0,258,704
22,37,12,0,264,704
22,37,13,0,258,703
22,37,14,0,265,704
22,37,15,0,258,704
22,37,16,0,265,703
22,37,17,0,260,703
22,37,18,0,264,703
22,37,19,0,264,703
22,37,20,0,260,703
22,37,21,0,266,703
22,37,22,0,259,703
22,37,23,0,265,703
22,37,24,0,263,703
22,37,25,0,258,703
22,37,26,0,265,703
22,37,27,0,260,703
22,37,28,0,263,702
22,37,29,0,264,703
22,37,30,0,259,703
22,37,31,0,266,703
22,37,32,0,259,703
22,37,33,0,266,703
22,37,34,0,260,703
22,37,35,0,260,703
22,37,36,0,265,704
22,37,37,0,264,703
22,37,38,0,259,703
22,37,39,0,262,704
22,37,40,0,265,704
22,37,41,0,261,704
22,37,42,0,260,703
22,37,43,0,265,704
22,37,44,0,258,704
22,37,45,0,265,703
22,37,46,0,262,704
22,37,47,0,258,704
22,37,48,0,265,703
22,37,49,0,259,703
22,37,50,0,261,703
22,37,51,0,260,702
22,37,52,0,259,703
22,37,53,0,265,703
22,37,54,0,258,703
22,37,55,0,260,704
22,37,56,0,264,704
22,37,57,0,260,703
22,37,58,0,259,703
22,37,59,0,264,704
22,37,59,;;,15715,60,261
22,38,0,0,257,703
22,38,1,0,264,704
22,38,2,0,264,703
22,38,3,0,259,703
22,38,4,0,263,703
22,38,5,0,263,704
22,38,6,0,257,703
22,38,7,0,263,703
22,38,8,0,264,703
22,38,9,0,257,703
22,38,10,0,265,703
22,38,11,0,261,703
22,38,12,0,258,702
22,38,13,0,264,703
22,38,14,0,261,702
22,38,15,0,258,703
22,38,16,0,265,702
22,38,17,0,262,703
22,38,18,0,258,702
22,38,19,0,262,702
22,38,20,0,263,703
22,38,21,0,259,703
22,38,22,0,261,702
22,38,23,0,265,702
22,38,24,0,262,702
22,38,25,0,258,702
22,38,26,0,260,702
22,38,27,0,262,702
22,38,28,0,262,702
22,38,29,0,264,702
22,38,30,0,265,702
22,38,31,0,266,702
22,38,32,0,267,702
22,38,33,0,265,701
22,38,34,0,261,702
22,38,35,0,259,702
22,38,36,0,258,702
22,38,37,0,260,702
22,38,38,0,267,702
22,38,39,0,263,703
22,38,40,0,260,702
22,38,41,0,260,702
22,38,42,0,259,702
22,38,43,0,260,702
22,38,44,0,261,702
22,38,45,0,262,702
22,38,46,0,263,702
22,38,47,0,268,702
22,38,48,0,268,701
22,38,49,0,268,702
22,38,50,0,268,701
22,38,51,0,266,702
22,38,52,0,261,702
22,38,53,0,258,701
22,38,54,0,260,701
22,38,55,0,263,702
22,38,56,0,267,702
22,38,57,0,264,701
22,38,58,0,261,701
22,38,59,0,260,701
22,38,59,;;,15729,60,262
22,39,0,0,266,701
22,39,1,0,269,702
22,39,2,0,266,702
22,39,3,0,263,701
22,39,4,0,261,702
22,39,5,0,264,702
22,39,6,0,267,702
22,39,7,0,264,701
22,39,8,0,261,702
22,39,9,0,263,701
22,39,10,0,264,701
22,39,11,0,267,702
22,39,12,0,266,701
22,39,13,0,264,702
22,39,14,0,262,701
22,39,15,0,261,701
22,39,16,0,263,702
22,39,17,0,266,703
22,39,18,0,265,702
22,39,19,0,260,702
22,39,20,0,259,702
22,39,21,0,261,702
22,39,22,0,265,701
22,39,23,0,267,702
22,39,24,0,265,701
22,39,25,0,259,702
22,39,26,0,263,701
22,39,27,0,266,702
22,39,28,0,266,701
22,39,29,0,264,702
22,39,30,0,260,702
22,39,31,0,266,702
22,39,32,0,267,702
22,39,33,0,265,702
22,39,34,0,263,702
22,39,35,0,266,702
22,39,36,0,265,702
22,39,37,0,261,702
22,39,38,0,260,701
22,39,39,0,266,702
22,39,40,0,265,701
22,39,41,0,260,702
22,39,42,0,258,701
22,39,43,0,264,701
22,39,44,0,261,702
22,39,45,0,258,701
22,39,46,0,263,702
22,39,47,0,266,701
22,39,48,0,262,702
22,39,49,0,259,702
22,39,50,0,265,701
22,39,51,0,269,702
22,39,52,0,265,701
22,39,53,0,260,702
22,39,54,0,260,702
22,39,55,0,263,702
22,39,56,0,266,701
22,39,57,0,266,702
22,39,58,0,267,702
22,39,59,0,263,702
22,39,59,;;,15816,60,263
22,40,0,0,259,702
22,40,1,0,260,702
22,40,2,0,264,702
22,40,3,0,267,702
22,40,4,0,262,702
22,40,5,0,259,702
22,40,6,0,264,701
22,40,7,0,266,702
22,40,8,0,259,702
22,40,9,0,263,702
22,40,10,0,266,702
22,40,11,0,263,702
22,40,12,0,259,701
22,40,13,0,264,702
22,40,14,0,266,701
22,40,15,0,260,702
22,40,16,0,258,702
22,40,17,0,264,703
22,40,18,0,264,702
22,40,19,0,259,702
22,40,20,0,262,702
22,40,21,0,266,702
22,40,22,0,261,702
22,40,23,0,258,701
22,40,24,0,264,702
22,40,25,0,264,702
22,40,26,0,257,701
22,40,27,0,262,701
22,40,28,0,265,702
22,40,29,0,259,702
22,40,30,0,259,702
22,40,31,0,265,702
22,40,32,0,264,701
22,40,33,0,259,702
22,40,34,0,259,702
22,40,35,0,261,702
22,40,36,0,265,701
22,40,37,0,265,701
22,40,38,0,261,701
22,40,39,0,258,701
22,40,40,0,259,701
22,40,41,0,264,701
22,40,42,0,265,701
22,40,43,0,265,701
22,40,44,0,266,701
22,40,45,0,259,701
22,40,46,0,259,701
22,40,47,0,264,701
22,40,48,0,264,701
22,40,49,0,258,701
22,40,50,0,263,701
22,40,51,0,264,700
22,40,52,0,259,701
22,40,53,0,260,701
22,40,54,0,264,701
22,40,55,0,258,701
22,40,56,0,261,701
22,40,57,0,261,701
22,40,58,0,259,702
22,40,59,0,263,701
22,40,59,;;,15715,60,261
22,41,0,0,261,702
22,41,1,0,262,702
22,41,2,0,258,702
22,41,3,0,265,702
22,41,4,0,259,702
22,41,5,0,259,701
22,41,6,0,264,702
22,41,7,0,265,701
22,41,8,0,260,701
22,41,9,0,259,702
22,41,10,0,264,702
22,41,11,0,265,702
22,41,12,0,259,702
22,41,13,0,259,702
22,41,14,0,264,701
22,41,15,0,260,702
22,41,16,0,265,702
22,41,17,0,263,701
22,41,18,0,258,702
22,41,19,0,266,702
22,41,20,0,262,701
22,41,21,0,258,701
22,41,22,0,264,702
22,41,23,0,259,701
22,41,24,0,261,702
22,41,25,0,266,702
22,41,26,0,264,702
22,41,27,0,258,701
22,41,28,0,265,702
22,41,29,0,265,701
22,41,30,0,261,702
22,41,31,0,263,702
22,41,32,0,266,701
22,41,33,0,263,702
22,41,35,0,263,702
22,41,36,0,258,702
22,41,37,0,263,702
22,41,38,0,266,702
22,41,39,0,260,702
22,41,40,0,263,701
22,41,41,0,262,701
22,41,42,0,267,702
22,41,43,0,268,701
22,41,44,0,260,701
22,41,45,0,264,701
22,41,46,0,260,701
22,41,47,0,265,702
22,41,48,0,265,701
22,41,49,0,260,701
22,41,50,0,265,701
22,41,51,0,267,701
22,41,52,0,261,701
22,41,53,0,262,701
22,41,54,0,267,701
22,41,55,0,264,701
22,41,56,0,260,701
22,41,57,0,263,701
22,41,58,0,268,701
22,41,59,0,265,701
22,41,59,;;,15496,59,262
22,42,0,0,261,701
22,42,1,0,262,701
22,42,2,0,267,702
22,42,3,0,259,701
22,42,4,0,261,701
22,42,5,0,264,701
22,42,6,0,265,702
22,42,7,0,261,701
22,42,8,0,259,702
22,42,9,0,266,701
22,42,10,0,261,701
22,42,11,0,263,701
22,42,12,0,267,701
22,42,13,0,263,701
22,42,14,0,267,701
22,42,15,0,266,701
22,42,16,0,261,701
22,42,17,0,260,701
22,42,18,0,264,701
22,42,19,0,265,701
22,42,20,0,259,701
22,42,21,0,260,701
22,42,22,0,267,701
22,42,23,0,261,701
22,42,24,0,263,701
22,42,25,0,266,701
22,42,26,0,268,701
22,42,27,0,265,701
22,42,28,0,259,701
22,42,29,0,263,702
22,42,30,0,266,701
22,42,31,0,264,701
22,42,32,0,262,701
22,42,33,0,260,701
22,42,34,0,263,701
22,42,35,0,265,702
22,42,36,0,260,701
22,42,37,0,265,702
22,42,38,0,265,701
22,42,39,0,259,701
22,42,40,0,264,701
22,42,41,0,267,701
22,42,42,0,265,701
22,42,43,0,263,701
22,42,44,0,268,702
22,42,45,0,265,701
22,42,46,0,259,701
22,42,47,0,263,701
22,42,48,0,266,701
22,42,49,0,266,701
22,42,50,0,263,701
22,42,51,0,259,701
22,42,52,0,267,701
22,42,53,0,260,701
22,42,54,0,265,702
22,42,55,0,266,701
22,42,56,0,264,701
22,42,57,0,266,701
22,42,58,0,264,701
22,42,59,0,260,701
22,42,59,;;,15802,60,263
22,43,0,0,261,701
22,43,1,0,264,701
22,43,2,0,267,701
22,43,3,0,267,701
22,43,4,0,261,701
22,43,5,0,259,701
22,43,6,0,263,701
22,43,7,0,266,702
22,43,8,0,263,702
22,43,9,0,260,702
22,43,10,0,260,702
22,43,11,0,265,703
22,43,12,0,260,702
22,43,13,0,259,703
22,43,14,0,265,703
22,43,15,0,264,702
22,43,16,0,260,703
22,43,17,0,259,702
22,43,19,0,266,702
22,43,20,0,264,702
22,43,21,0,263,702
22,43,22,0,261,702
22,43,23,0,259,702
22,43,24,0,264,702
22,43,25,0,266,702
22,43,26,0,266,702
22,43,27,0,266,703
22,43,28,0,265,703
22,43,29,0,262,702
22,43,30,0,260,702
22,43,31,0,264,703
22,43,32,0,265,702
22,43,33,0,261,702
22,43,34,0,259,702
22,43,35,0,266,702
22,43,36,0,264,702
22,43,37,0,260,702
22,43,38,0,259,701
22,43,39,0,260,702
22,43,40,0,265,701
22,43,41,0,263,701
22,43,42,0,262,702
22,43,43,0,259,701
22,43,44,0,259,703
22,43,45,0,262,702
22,43,46,0,267,702
22,43,47,0,265,702
22,43,48,0,260,702
22,43,49,0,259,702
22,43,50,0,263,701
22,43,51,0,266,702
22,43,52,0,266,702
22,43,53,0,262,702
22,43,54,0,258,702
22,43,55,0,259,702
22,43,56,0,263,702
22,43,57,0,264,702
22,43,58,0,262,702
22,43,59,0,260,702
22,43,59,;;,15487,59,262
22,44,0,0,266,703
22,44,1,0,266,702
22,44,2,0,265,702
22,44,3,0,261,703
22,44,4,0,261,702
22,44,5,0,263,702
22,44,6,0,265,702
22,44,7,0,267,702
22,44,8,0,267,703
22,44,9,0,264,702
22,44,10,0,261,703
22,44,11,0,259,702
22,44,12,0,261,702
22,44,13,0,263,702
22,44,14,0,264,703
22,44,15,0,259,702
22,44,16,0,259,702
22,44,17,0,264,703
22,44,18,0,263,703
22,44,19,0,259,702
22,44,20,0,262,703
22,44,21,0,259,703
22,44,22,0,262,703
22,44,23,0,266,703
22,44,24,0,260,703
22,44,25,0,260,704
22,44,26,0,261,704
22,44,27,0,266,704
22,44,28,0,263,703
22,44,29,0,259,704
22,44,30,0,262,704
22,44,31,0,266,704
22,44,32,0,259,703
22,44,33,0,260,704
22,44,34,0,266,704
22,44,35,0,261,704
22,44,36,0,260,703
22,44,37,0,265,703
22,44,38,0,263,703
22,44,39,0,259,703
22,44,40,0,265,703
22,44,41,0,266,703
22,44,42,0,261,703
22,44,43,0,259,703
22,44,44,0,264,702
22,44,45,0,266,702
22,44,46,0,267,702
22,44,47,0,262,702
22,44,49,0,260,702
22,44,50,0,262,702
22,44,51,0,265,702
22,44,52,0,265,702
22,44,53,0,262,702
22,44,54,0,258,702
22,44,55,0,265,702
22,44,56,0,266,702
22,44,57,0,261,703
22,44,58,0,259,702
22,44,59,0,263,702
22,44,59,;;,15492,59,262
22,45,0,0,258,702
22,45,1,0,261,702
22,45,2,0,264,702
22,45,3,0,258,702
22,45,4,0,262,703
22,45,5,0,260,703
22,45,6,0,259,703
22,45,7,0,265,702
22,45,8,0,259,703
22,45,9,0,259,702
22,45,10,0,266,703
22,45,11,0,259,703
22,45,12,0,261,702
22,45,13,0,260,703
22,45,14,0,259,704
22,45,15,0,265,703
22,45,16,0,259,702
22,45,17,0,257,702
22,45,18,0,262,703
22,45,19,0,258,702
22,45,20,0,260,702
22,45,21,0,265,703
22,45,22,0,261,702
22,45,23,0,258,702
22,45,24,0,263,702
22,45,25,0,265,703
22,45,26,0,258,702
22,45,27,0,262,702
22,45,28,0,265,702
22,45,29,0,258,703
22,45,30,0,262,702
22,45,31,0,264,703
22,45,32,0,258,703
22,45,33,0,263,702
22,45,34,0,262,702
22,45,35,0,258,702
22,45,36,0,266,702
22,45,37,0,260,702
22,45,38,0,262,702
22,45,39,0,265,702
22,45,40,0,258,702
22,45,41,0,259,703
22,45,42,0,265,702
22,45,43,0,260,702
22,45,44,0,267,702
22,45,45,0,266,702
22,45,46,0,258,701
22,45,47,0,264,702
22,45,48,0,261,702
22,45,49,0,261,702
22,45,50,0,263,701
22,45,51,0,258,701
22,45,52,0,259,702
22,45,53,0,264,701
22,45,54,0,257,702
22,45,55,0,262,702
22,45,56,0,264,702
22,45,57,0,257,702
22,45,58,0,262,702
22,45,59,0,261,702
22,45,59,;;,15672,60,261
22,46,0,0,260,702
22,46,1,0,265,702
22,46,2,0,261,702
22,46,3,0,258,702
22,46,4,0,264,702
22,46,5,0,264,702
22,46,6,0,258,703
22,46,7,0,260,703
22,46,8,0,265,702
22,46,9,0,259,702
22,46,10,0,259,702
22,46,11,0,264,702
22,46,12,0,262,702
22,46,13,0,258,703
22,46,14,0,261,702
22,46,15,0,264,702
22,46,16,0,260,702
22,46,17,0,258,702
22,46,18,0,265,701
22,46,19,0,259,702
22,46,20,0,260,702
22,46,21,0,266,702
22,46,22,0,260,702
22,46,23,0,260,702
22,46,24,0,265,701
22,46,25,0,260,701
22,46,26,0,262,701
22,46,27,0,265,702
22,46,28,0,259,702
22,46,29,0,265,702
22,46,30,0,265,702
22,46,31,0,260,702
22,46,32,0,261,701
22,46,33,0,266,702
22,46,34,0,261,702
22,46,35,0,259,702
22,46,36,0,262,702
22,46,37,0,266,702
22,46,38,0,264,702
22,46,39,0,259,702
22,46,40,0,260,702
22,46,41,0,265,702
22,46,42,0,266,702
22,46,43,0,260,702
22,46,44,0,258,701
22,46,45,0,261,701
22,46,46,0,265,701
22,46,47,0,261,702
22,46,48,0,261,701
22,46,49,0,270,702
22,46,50,0,264,701
22,46,51,0,263,701
22,46,52,0,266,701
22,46,53,0,262,701
22,46,54,0,260,701
22,46,55,0,265,701
22,46,56,0,262,701
22,46,57,0,259,701
22,46,58,0,267,701
22,46,59,0,261,701
22,46,59,;;,15725,60,262
22,47,0,0,263,701
22,47,1,0,265,701
22,47,2,0,259,701
22,47,3,0,265,701
22,47,4,0,259,701
22,47,5,0,260,701
22,47,6,0,262,701
22,47,7,0,259,701
22,47,8,0,259,701
22,47,9,0,263,702
22,47,10,0,260,701
22,47,11,0,261,701
22,47,12,0,261,701
22,47,13,0,263,701
22,47,14,0,262,701
22,47,15,0,258,701
22,47,16,0,264,702
22,47,17,0,261,701
22,47,18,0,260,702
22,47,19,0,266,702
22,47,20,0,258,701
22,47,21,0,261,702
22,47,22,0,265,702
22,47,23,0,258,702
22,47,24,0,264,702
22,47,25,0,262,702
22,47,26,0,258,702
22,47,27,0,265,702
22,47,28,0,259,701
22,47,29,0,258,701
22,47,30,0,264,702
22,47,31,0,259,701
22,47,32,0,260,701
22,47,33,0,264,701
22,47,34,0,257,702
22,47,35,0,265,702
22,47,36,0,260,702
22,47,37,0,260,702
22,47,38,0,264,702
22,47,39,0,258,702
22,47,40,0,261,702
22,47,41,0,264,702
22,47,42,0,257,702
22,47,43,0,264,702
22,47,44,0,262,702
22,47,45,0,257,702
22,47,46,0,264,703
22,47,47,0,263,702
22,47,48,0,258,701
22,47,49,0,262,701
22,47,50,0,264,702
22,47,51,0,259,702
22,47,52,0,261,702
22,47,53,0,265,702
22,47,54,0,259,701
22,47,55,0,260,702
22,47,56,0,266,701
22,47,57,0,263,702
22,47,58,0,263,701
22,47,59,0,267,701
22,47,59,;;,15688,60,261
22,48,0,0,260,701
22,48,1,0,263,701
22,48,2,0,266,701
22,48,3,0,261,701
22,48,4,0,259,701
22,48,5,0,263,701
22,48,6,0,267,701
22,48,7,0,263,701
22,48,8,0,262,701
22,48,9,0,266,701
22,48,10,0,264,701
22,48,11,0,259,701
22,48,12,0,261,701
22,48,13,0,265,701
22,48,14,0,261,701
22,48,15,0,260,701
22,48,16,0,266,701
22,48,17,0,264,701
22,48,18,0,259,702
22,48,19,0,265,701
22,48,20,0,263,701
22,48,21,0,259,701
22,48,22,0,265,701
22,48,23,0,259,701
22,48,24,0,262,701
22,48,25,0,261,701
22,48,26,0,260,701
22,48,27,0,262,701
22,48,28,0,260,701
22,48,29,0,263,701
22,48,30,0,259,701
22,48,31,0,265,701
22,48,32,0,258,700
22,48,33,0,264,701
22,48,34,0,261,701
22,48,35,0,261,701
22,48,36,0,266,700
22,48,37,0,260,700
22,48,38,0,262,701
22,48,39,0,266,700
22,48,40,0,258,701
22,48,41,0,260,701
22,48,42,0,263,700
22,48,43,0,258,701
22,48,44,0,269,700
22,48,45,0,259,700
22,48,46,0,263,701
22,48,47,0,264,700
22,48,48,0,259,700
22,48,49,0,265,701
22,48,50,0,265,700
22,48,51,0,260,700
22,48,52,0,262,700
22,48,53,0,268,701
22,48,54,0,264,701
22,48,55,0,260,701
22,48,56,0,261,701
22,48,57,0,266,702
22,48,58,0,263,702
22,48,59,0,259,701
22,48,59,;;,15736,60,262
22,49,0,0,264,702
22,49,1,0,266,702
22,49,2,0,262,701
22,49,3,0,261,702
22,49,4,0,267,703
22,49,5,0,267,703
22,49,6,0,264,702
22,49,7,0,259,703
22,49,8,0,262,703
22,49,9,0,267,703
22,49,10,0,264,703
22,49,11,0,260,703
22,49,12,0,265,703
22,49,13,0,265,702
22,49,14,0,260,703
22,49,15,0,263,702
22,49,16,0,265,703
22,49,17,0,260,702
22,49,18,0,265,702
22,49,19,0,262,702
22,49,20,0,260,702
22,49,21,0,266,702
22,49,22,0,259,701
22,49,23,0,267,701
22,49,24,0,265,701
22,49,25,0,259,702
22,49,26,0,264,702
22,49,27,0,266,702
22,49,28,0,261,702
22,49,29,0,261,701
22,49,30,0,266,702
22,49,31,0,265,701
22,49,32,0,259,702
22,49,33,0,264,702
22,49,34,0,265,701
22,49,35,0,261,701
22,49,36,0,259,702
22,49,37,0,265,702
22,49,38,0,259,701
22,49,39,0,259,702
22,49,40,0,266,702
22,49,41,0,260,701
22,49,42,0,265,702
22,49,43,0,260,702
22,49,44,0,260,702
22,49,45,0,265,702
22,49,46,0,258,702
22,49,47,0,265,702
22,49,48,0,261,702
22,49,49,0,259,702
22,49,50,0,266,702
22,49,51,0,263,702
22,49,52,0,261,701
22,49,53,0,266,702
22,49,54,0,261,701
22,49,55,0,259,702
22,49,56,0,266,702
22,49,57,0,261,701
22,49,58,0,259,702
22,49,59,0,263,701
22,49,59,;;,15762,60,262
22,50,0,0,267,702
22,50,1,0,265,702
22,50,2,0,259,701
22,50,3,0,261,701
22,50,4,0,263,702
22,50,5,0,266,702
22,50,6,0,266,702
22,50,7,0,260,702
22,50,8,0,259,702
22,50,9,0,261,701
22,50,10,0,264,702
22,50,11,0,266,702
22,50,12,0,259,702
22,50,13,0,260,702
22,50,14,0,267,703
22,50,15,0,265,702
22,50,16,0,260,703
22,50,17,0,259,702
22,50,18,0,264,702
22,50,20,0,265,702
22,50,21,0,259,702
22,50,22,0,260,702
22,50,23,0,266,702
22,50,24,0,261,702
22,50,25,0,260,702
22,50,26,0,264,702
22,50,27,0,267,702
22,50,28,0,258,702
22,50,29,0,262,703
22,50,30,0,266,702
22,50,31,0,265,703
22,50,32,0,261,702
22,50,33,0,259,702
22,50,34,0,262,703
22,50,35,0,266,703
22,50,36,0,265,702
22,50,37,0,260,702
22,50,38,0,259,702
22,50,39,0,264,702
22,50,40,0,266,702
22,50,41,0,261,702
22,50,42,0,259,702
22,50,43,0,263,703
22,50,44,0,266,703
22,50,45,0,261,703
22,50,46,0,259,703
22,50,47,0,263,703
22,50,48,0,267,703
22,50,49,0,260,703
22,50,50,0,259,703
22,50,51,0,264,703
22,50,52,0,264,703
22,50,53,0,259,702
22,50,54,0,261,703
22,50,55,0,266,703
22,50,56,0,260,702
22,50,57,0,259,702
22,50,58,0,265,702
22,50,59,0,258,702
22,50,59,;;,15480,59,262
22,51,0,0,262,702
22,51,1,0,264,702
22,51,2,0,259,702
22,51,3,0,258,702
22,51,4,0,264,702
22,51,5,0,259,702
22,51,6,0,258,702
22,51,7,0,261,701
22,51,8,0,258,702
22,51,9,0,264,701
22,51,10,0,258,702
22,51,11,0,257,702
22,51,12,0,263,702
22,51,13,0,256,702
22,51,14,0,262,702
22,51,15,0,257,702
22,51,16,0,263,702
22,51,17,0,256,702
22,51,18,0,263,702
22,51,19,0,256,702
22,51,20,0,263,701
22,51,21,0,260,701
22,51,22,0,258,702
22,51,23,0,264,703
22,51,24,0,257,703
22,51,25,0,261,703
22,51,26,0,262,703
22,51,27,0,257,703
22,51,28,0,264,703
22,51,29,0,256,703
22,51,30,0,262,702
22,51,31,0,259,702
22,51,32,0,258,702
22,51,33,0,263,702
22,51,34,0,257,702
22,51,35,0,264,702
22,51,36,0,259,702
22,51,37,0,258,701
22,51,38,0,265,702
22,51,39,0,258,703
22,51,40,0,258,703
22,51,41,0,263,703
22,51,42,0,262,703
22,51,43,0,256,703
22,51,44,0,263,703
22,51,45,0,262,703
22,51,46,0,257,703
22,51,47,0,260,702
22,51,48,0,264,702
22,51,49,0,256,702
22,51,50,0,261,702
22,51,51,0,264,702
22,51,52,0,259,702
22,51,53,0,257,702
22,51,54,0,263,702
22,51,55,0,256,702
22,51,56,0,261,702
22,51,57,0,260,703
22,51,58,0,257,703
22,51,59,0,263,703
22,51,59,;;,15605,60,260
22,52,0,0,261,704
22,52,1,0,259,703
22,52,2,0,257,703
22,52,3,0,262,703
22,52,4,0,256,702
22,52,5,0,263,703
22,52,6,0,257,702
22,52,7,0,259,702
22,52,8,0,262,703
22,52,9,0,259,703
22,52,10,0,265,703
22,52,11,0,259,702
22,52,12,0,258,702
22,52,13,0,262,702
22,52,14,0,256,703
22,52,15,0,262,702
22,52,16,0,256,702
22,52,17,0,263,702
22,52,18,0,256,702
22,52,19,0,262,702
22,52,20,0,258,702
22,52,21,0,258,702
22,52,22,0,263,702
22,52,23,0,257,702
22,52,24,0,263,702
22,52,25,0,256,702
22,52,26,0,260,702
22,52,27,0,262,702
22,52,28,0,256,702
22,52,29,0,261,703
22,52,30,0,263,702
22,52,31,0,257,703
22,52,32,0,259,703
22,52,33,0,264,703
22,52,34,0,258,702
22,52,35,0,257,702
22,52,36,0,263,702
22,52,37,0,261,702
22,52,38,0,256,703
22,52,39,0,260,703
22,52,40,0,263,702
22,52,41,0,260,702
22,52,42,0,256,702
22,52,43,0,258,703
22,52,44,0,263,702
22,52,45,0,262,702
22,52,46,0,258,703
22,52,47,0,256,704
22,52,48,0,261,703
22,52,49,0,267,703
22,52,50,0,261,703
22,52,51,0,259,703
22,52,52,0,264,704
22,52,53,0,262,704
22,52,54,0,257,704
22,52,55,0,262,704
22,52,56,0,262,703
22,52,57,0,257,703
22,52,58,0,262,703
22,52,59,0,263,703
22,52,59,;;,15599,60,259
22,53,0,0,257,703
22,53,1,0,262,704
22,53,2,0,267,703
22,53,3,0,263,704
22,53,4,0,260,704
22,53,5,0,316,704
22,53,6,0,261,704
22,53,7,0,869,704
22,53,8,0,956,704
22,53,9,0,960,704
22,53,10,0,963,704
22,53,11,0,963,704
22,53,12,0,963,704
22,53,13,0,963,704
22,53,14,0,963,704
22,53,15,0,964,703
22,53,16,0,963,704
22,53,17,0,964,703
22,53,18,0,964,703
22,53,19,0,965,704
22,53,20,0,965,703
22,53,21,0,965,703
22,53,22,0,964,703
22,53,23,0,965,703
22,53,24,0,965,703
22,53,25,0,964,703
22,53,26,0,965,703
22,53,27,0,965,704
22,53,28,0,965,703
22,53,29,0,964,704
22,53,30,0,966,703
22,53,31,0,965,704
22,53,32,0,965,704
22,53,33,0,966,704
22,53,34,0,965,704
22,53,35,0,965,704
22,53,36,0,965,703
22,53,37,0,965,703
22,53,38,0,966,703
22,53,39,0,965,702
22,53,40,0,965,702
22,53,41,0,964,703
22,53,42,0,965,702
22,53,43,0,965,703
22,53,44,0,966,703
22,53,45,0,965,703
22,53,46,0,965,703
22,53,47,0,965,703
22,53,48,0,965,703
22,53,49,0,965,703
22,53,50,0,965,703
22,53,51,0,966,703
22,53,52,0,965,703
22,53,53,0,965,703
22,53,54,0,966,703
22,53,55,0,965,703
22,53,56,0,965,703
22,53,57,0,965,703
22,53,58,0,965,703
22,53,59,0,964,704
22,53,59,;;,52907,60,881
22,54,0,0,964,704
22,54,1,0,965,704
22,54,2,0,966,704
22,54,3,0,964,704
22,54,4,0,965,704
22,54,5,0,965,704
22,54,6,0,965,704
22,54,7,0,965,704
22,54,8,0,965,703
22,54,9,0,965,704
22,54,10,0,966,704
22,54,11,0,965,703
22,54,12,0,966,703
22,54,13,0,966,703
22,54,14,0,965,703
22,54,15,0,966,704
22,54,16,0,965,704
22,54,17,0,965,704
22,54,18,0,966,703
22,54,19,0,965,703
22,54,20,0,965,704
22,54,21,0,965,704
22,54,22,0,965,703
22,54,23,0,965,703
22,54,24,0,964,703
22,54,25,0,966,703
22,54,26,0,965,703
22,54,27,0,965,703
22,54,28,0,965,704
22,54,29,0,965,703
22,54,30,0,965,703
22,54,31,0,964,704
22,54,32,0,965,704
22,54,33,0,964,704
22,54,34,0,964,703
22,54,35,0,965,703
22,54,36,0,965,703
22,54,37,0,964,703
22,54,38,0,965,703
22,54,39,0,965,703
22,54,40,0,965,703
22,54,41,0,965,704
22,54,42,0,965,703
22,54,43,0,965,703
22,54,44,0,965,703
22,54,45,0,965,703
22,54,46,0,965,703
22,54,47,0,965,703
22,54,48,0,965,703
22,54,49,0,965,703
22,54,50,0,965,703
22,54,51,0,965,703
22,54,52,0,965,703
22,54,53,0,965,703
22,54,54,0,964,703
22,54,55,0,965,703
22,54,56,0,965,703
22,54,57,0,965,703
22,54,58,0,965,703
22,54,59,0,965,703
22,54,59,;;,57899,60,964
22,55,0,0,965,703
22,55,1,0,965,704
22,55,2,0,965,704
22,55,3,0,966,704
22,55,4,0,965,704
22,55,5,0,965,704
22,55,6,0,965,704
22,55,7,0,965,703
22,55,8,0,965,704
22,55,9,0,964,704
22,55,10,0,964,703
22,55,11,0,965,704
22,55,12,0,965,704
22,55,13,0,965,703
22,55,14,0,964,703
22,55,15,0,964,704
22,55,16,0,965,704
22,55,17,0,965,704
22,55,18,0,965,703
22,55,19,0,965,703
22,55,20,0,965,704
22,55,21,0,965,704
22,55,22,0,965,704
22,55,23,0,965,704
22,55,24,0,964,704
22,55,25,0,965,704
22,55,26,0,965,704
22,55,27,0,965,704
22,55,28,0,965,704
22,55,29,0,965,704
22,55,30,0,966,704
22,55,31,0,964,703
22,55,32,0,964,704
22,55,33,0,965,704
22,55,34,0,965,703
22,55,35,0,965,704
22,55,36,0,965,704
22,55,37,0,965,704
22,55,38,0,965,703
22,55,39,0,965,704
22,55,40,0,965,703
22,55,41,0,965,704
22,55,42,0,965,704
22,55,43,0,965,704
22,55,44,0,965,704
22,55,45,0,965,704
22,55,46,0,965,704
22,55,47,0,966,704
22,55,48,0,965,704
22,55,49,0,965,704
22,55,50,0,965,704
22,55,51,0,965,704
22,55,52,0,965,704
22,55,54,0,966,704
22,55,55,0,964,704
22,55,56,0,965,704
22,55,57,0,964,704
22,55,58,0,964,705
22,55,59,0,964,705
22,55,59,;;,56928,59,964
22,56,0,0,965,704
22,56,1,0,965,704
22,56,2,0,964,704
22,56,3,0,965,704
22,56,4,0,965,704
22,56,5,0,965,704
22,56,6,0,965,704
22,56,7,0,964,704
22,56,8,0,965,704
22,56,9,0,965,704
22,56,10,0,964,704
22,56,11,0,965,704
22,56,12,0,965,704
22,56,13,0,965,704
22,56,14,0,965,704
22,56,15,0,965,704
22,56,16,0,965,704
22,56,17,0,965,704
22,56,18,0,965,704
22,56,19,0,964,704
22,56,20,0,966,704
22,56,21,0,964,704
22,56,22,0,965,704
22,56,23,0,965,704
22,56,24,0,964,704
22,56,25,0,965,704
22,56,26,0,966,704
22,56,27,0,965,704
22,56,28,0,964,704
22,56,29,0,965,704
22,56,30,0,965,704
22,56,31,0,964,704
22,56,32,0,964,704
22,56,33,0,964,704
22,56,34,0,964,704
22,56,35,0,965,704
22,56,36,0,965,704
22,56,37,0,965,705
22,56,38,0,965,704
22,56,39,0,964,704
22,56,40,0,964,704
22,56,41,0,964,704
22,56,42,0,965,704
22,56,43,0,965,704
22,56,44,0,965,704
22,56,45,0,965,704
22,56,46,0,964,704
22,56,47,0,964,704
22,56,48,0,964,704
22,56,49,0,964,704
22,56,50,0,965,704
22,56,51,0,965,704
22,56,52,0,963,704
22,56,53,0,964,705
22,56,54,0,965,704
22,56,55,0,965,705
22,56,56,0,965,705
22,56,57,0,964,705
22,56,58,0,964,705
22,56,59,0,964,706
22,56,59,;;,57878,60,964
22,57,0,0,965,705
22,57,1,0,964,706
22,57,2,0,965,706
22,57,3,0,965,706
22,57,4,0,964,706
22,57,5,0,964,706
22,57,6,0,964,705
22,57,7,0,965,705
22,57,8,0,965,705
22,57,9,0,964,705
22,57,10,0,963,706
22,57,11,0,965,706
22,57,12,0,964,706
22,57,13,0,965,705
22,57,14,0,965,705
22,57,15,0,965,706
22,57,16,0,965,706
22,57,17,0,965,705
22,57,18,0,965,705
22,57,19,0,964,705
22,57,20,0,966,705
22,57,21,0,964,706
22,57,22,0,964,705
22,57,23,0,964,705
22,57,24,0,964,705
22,57,25,0,964,705
22,57,26,0,965,705
22,57,27,0,965,705
22,57,28,0,964,705
22,57,29,0,964,705
22,57,30,0,965,705
22,57,31,0,964,705
22,57,32,0,965,705
22,57,33,0,964,705
22,57,34,0,964,705
22,57,35,0,965,704
22,57,36,0,964,705
22,57,37,0,965,705
22,57,38,0,965,705
22,57,39,0,964,705
22,57,40,0,964,705
22,57,41,0,965,705
22,57,42,0,964,705
22,57,43,0,965,704
22,57,44,0,964,704
22,57,45,0,964,705
22,57,46,0,963,705
22,57,47,0,965,705
22,57,48,0,965,705
22,57,49,0,964,705
22,57,50,0,963,705
22,57,51,0,964,705
22,57,52,0,964,704
22,57,53,0,964,705
22,57,54,0,965,705
22,57,55,0,965,705
22,57,56,0,964,705
22,57,57,0,964,705
22,57,58,0,964,705
22,57,59,0,964,705
22,57,59,;;,57864,60,964
22,58,0,0,963,705
22,58,1,0,964,705
22,58,2,0,964,705
22,58,3,0,964,705
22,58,4,0,964,705
22,58,5,0,965,705
22,58,6,0,967,705
22,58,7,0,968,705
22,58,8,0,969,706
22,58,9,0,970,705
22,58,10,0,971,705
22,58,11,0,973,705
22,58,12,0,974,705
22,58,13,0,976,705
22,58,14,0,976,704
22,58,15,0,977,704
22,58,16,0,976,705
22,58,17,0,976,705
22,58,18,0,975,705
22,58,19,0,976,705
22,58,20,0,977,705
22,58,21,0,976,705
22,58,22,0,977,705
22,58,23,0,976,705
22,58,24,0,977,705
22,58,25,0,975,705
22,58,26,0,977,705
22,58,27,0,977,705
22,58,28,0,976,705
22,58,29,0,976,705
22,58,30,0,977,705
22,58,31,0,976,705
22,58,32,0,977,705
22,58,33,0,977,705
22,58,34,0,977,705
22,58,35,0,976,705
22,58,36,0,977,705
22,58,37,0,976,705
22,58,38,0,976,705
22,58,39,0,976,705
22,58,40,0,977,705
22,58,41,0,977,705
22,58,42,0,977,705
22,58,43,0,977,704
22,58,44,0,977,705
22,58,45,0,977,705
22,58,46,0,976,704
22,58,47,0,976,705
22,58,48,0,976,705
22,58,49,0,977,704
22,58,50,0,976,704
22,58,51,0,977,705
22,58,52,0,977,704
22,58,53,0,976,704
22,58,54,0,976,705
22,58,55,0,976,705
22,58,56,0,977,705
22,58,57,0,977,705
22,58,58,0,976,705
22,58,59,0,977,705
22,58,59,;;,58469,60,974
22,59,0,0,977,705
22,59,1,0,976,704
22,59,2,0,976,705
22,59,3,0,976,705
22,59,4,0,977,704
22,59,5,0,977,705
22,59,6,0,976,705
22,59,7,0,976,705
22,59,8,0,977,705
22,59,9,0,976,705
22,59,10,0,977,705
22,59,11,0,977,705
22,59,12,0,976,705
22,59,13,0,975,705
22,59,14,0,976,705
22,59,15,0,976,705
22,59,16,0,977,705
22,59,17,0,976,705
22,59,18,0,976,705
22,59,19,0,976,705
22,59,20,0,977,705
22,59,21,0,976,705
22,59,22,0,977,705
22,59,23,0,977,705
22,59,24,0,976,705
22,59,25,0,977,705
22,59,26,0,976,705
22,59,27,0,976,705
22,59,28,0,978,705
22,59,29,0,976,706
22,59,30,0,977,706
22,59,31,0,976,706
22,59,32,0,976,706
22,59,33,0,977,706
22,59,34,0,977,705
22,59,35,0,977,705
22,59,36,0,976,706
22,59,37,0,976,706
22,59,38,0,976,705
22,59,39,0,977,706
22,59,40,0,976,706
22,59,41,0,976,706
22,59,42,0,976,706
22,59,43,0,976,706
22,59,44,0,976,706
22,59,45,0,977,706
22,59,46,0,977,706
22,59,47,0,976,706
22,59,48,0,976,706
22,59,49,0,976,706
22,59,50,0,976,706
22,59,51,0,976,705
22,59,52,0,976,705
22,59,53,0,976,705
22,59,54,0,976,706
22,59,55,0,976,705
22,59,56,0,976,705
22,59,57,0,976,706
22,59,58,0,976,706
22,59,59,0,977,705
22,59,59,;;,58580,60,976
