17 0  0938

17 0  0938

17 1  1938

17 1  1938

17 1  1938

17 1  1937

17 1  1938

17 1  1938

17 1  1939

17 1  1938

17 1  1938

17 1  1938

17 1  1939

17 1  1939

17 1  1938

17 1  1937

17 1  1937

17 1  1939

17 1  1937

17 1  1938

17 2  0938

17 2  1938

17 2  2938

17 2  3942

17 2  4950

17 2  51023

17 2  6953

17 2  7959

17 2  8975

17 2  9992

17 2  101014

17 2  111001

17 2  12813

17 2  13593

17 2  14368

17 2  150

17 2  16394

17 2  17483

17 2  18483

17 2  19483

17 2  20482

17 2  21483

17 2  22483

17 2  23483

17 2  24482

17 2  25483

17 2  26483

17 2  27482

17 2  28482

17 2  29482

17 2  30482

17 2  31482

17 2  32483

17 2  33482

17 2  34482

17 2  35482

17 2  36482

17 2  37482

17 2  38482

17 2  39482

17 2  40482

17 2  41482

17 2  42482

17 2  43482

17 2  44482

17 2  45482

17 2  46482

17 2  47482

17 2  48482

17 2  49482

17 2  50482

17 2  51482

17 2  52482

17 2  53482

17 2  54482

17 2  55482

17 2  56482

17 2  57482

17 2  58482

17 4  10 total 481

17 4  10 total 482

17 4  11 total 481

17 4  12 total 482

17 4  13 total 482

17 4  14 total 481

17 4  15 total 481

17 4  16 total 481

17 4  17 total 482

17 4  19 total 482

17 4  19 total 482

17 4  20 total 482

17 4  21 total 481

17 4  23 total 482

17 4  23 total 482

17 4  25 total 481

17 4  25 total 482

17 4  26 total 481

17 4  27 total 482

17 4  28 total 481

17 4  29 total 482

17 4  30 total 482

17 4  31 total 482

17 4  32 total 482

17 4  33 total 482

17 4  35 total 482

17 4  35 total 482

17 4  36 total 482

17 4  38 total 482

17 4  39 total 481

17 4  39 total 482

17 4  41 total 482

17 4  42 total 482

17 4  43 total 482

17 4  43 total 482

17 4  44 total 482

17 4  45 total 482

17 4  47 total 481

17 4  48 total 482

17 4  48 total 482

17 4  50 total 482

17 4  51 total 481

17 4  52 total 481

17 4  53 total 482

17 4  54 total 482

17 4  55 total 482

17 4  56 total 482

17 4  57 total 482

17 4  58 total 481

17 4  59 total 482

17 5  0 total 482

17 5  1 total 482

17 5  2 total 482

17 5  3 total 481

17 5  4 total 482

17 5  5 total 482

17 5  6 total 482

17 5  7 total 482

17 5  8 total 482

17 5  9 total 481

17 5  10 total 482

17 5  11 total 482

17 5  12 total 481

17 5  13 total 482

17 5  14 total 482

17 5  15 total 482

17 5  16 total 482

17 5  17 total 482

17 5  18 total 482

17 5  19 total 482

17 5  20 total 482

17 5  21 total 481

17 5  22 total 482

17 5  23 total 482

17 5  24 total 481

17 5  25 total 482

17 5  26 total 482

17 5  27 total 482

17 5  28 total 482

17 5  29 total 482

17 5  30 total 482

17 5  31 total 482

17 5  32 total 481

17 5  33 total 482

17 5  34 total 482

17 5  35 total 482

17 5  36 total 482

17 5  37 total 481

17 5  38 total 481

17 5  39 total 481

17 5  40 total 482

17 5  41 total 482

17 5  42 total 482

17 5  43 total 482

17 5  44 total 482

17 5  45 total 482

17 5  46 total 482

17 5  47 total 482

17 5  49 total 482

17 5  49 total 481

17 5  50 total 482

17 5  51 total 482

17 5  52 total 482

17 5  53 total 482

17 5  54 total 482

17 5  55 total 482

17 5  56 total 482

17 5  57 total 482

17 5  58 total 482

17 5  59 total 482

17 6  0 total 482

17 6  2 total 482

17 6  2 total 482

17 6  3 total 481

17 6  6 total 481

17 6  6 total 482

17 6  7 total 482

17 6  8 total 481

17 6  9 total 482

17 6  10 total 482

17 6  11 total 482

17 6  12 total 482

17 6  13 total 482

17 6  14 total 481

17 6  15 total 482

17 6  16 total 482

17 6  17 total 482

17 6  18 total 482

17 6  19 total 482

17 6  20 total 482

17 6  21 total 482

17 6  22 total 481

17 6  23 total 482

17 6  24 total 482

17 6  25 total 482

17 6  26 total 481

17 6  27 total 482

17 6  28 total 482

17 6  29 total 482

17 6  30 total 482

17 6  31 total 481

17 6  32 total 482

